NAME : clrp_medium_coords
CUSTOMERS : 40
DEPOTS : 4
VEHICLE_CAPACITY : 30
ROUTE_FIXED_COST : 120
DISTANCE_FORMAT : COORDS

DEPOT_SECTION
1 900 140 6 10 10
2 1100 140 6 90 15
3 1000 140 6 15 85
4 1200 140 6 85 85

CUSTOMER_SECTION
101 6 8 18
102 9 16 12
103 4 24 20
104 8 32 14
105 5 42 18
106 7 55 12
107 3 68 18
108 10 78 10
109 6 88 22
110 4 94 30
111 8 12 30
112 5 20 34
113 7 30 28
114 3 40 32
115 9 52 30
116 4 63 28
117 6 74 34
118 8 84 38
119 5 92 42
120 7 98 48
121 4 7 52
122 10 18 48
123 6 27 55
124 5 38 50
125 8 48 56
126 3 58 48
127 9 69 54
128 4 80 52
129 7 90 58
130 6 97 64
131 5 10 68
132 8 21 65
133 4 31 72
134 9 43 68
135 6 53 74
136 7 64 67
137 3 75 72
138 10 86 68
139 5 94 76
140 8 99 88

EOF
