# seed=1010
# generator_version=0.1.0
NAME : small_pathological
CUSTOMERS : 80
DEPOTS : 5
VEHICLE_CAPACITY : 40
ROUTE_FIXED_COST : 5.00
DISTANCE_FORMAT : COORDS
DEPOT_SECTION
1 60.912138 73.583163 2928.47 209 5
2 931.470102 862.566128 529.01 229 5
3 960.806814 885.172196 1315.73 209 5
4 57.688519 556.515988 1666.63 213 5
5 689.692661 917.238527 2950.13 216 5
CUSTOMER_SECTION
6 769.922978 630.224771 10
7 1000.000000 850.596667 4
8 872.199142 957.261189 1
9 927.795463 980.219846 14
10 830.762036 984.124733 8
11 0.000000 480.872265 4
12 0.000000 467.350257 1
13 884.647099 958.950019 4
14 106.940821 533.835638 3
15 11.023347 618.308131 9
16 939.653901 1000.000000 13
17 941.340144 783.204662 3
18 874.350035 1000.000000 4
19 172.455143 621.385622 2
20 828.718171 1000.000000 4
21 931.171916 807.090308 1
22 0.000000 483.893560 2
23 805.501667 785.581678 3
24 969.296339 1000.000000 2
25 789.903453 821.143796 1
26 33.764754 503.385005 4
27 921.897571 760.821594 15
28 891.899480 919.602709 14
29 59.531915 521.744538 4
30 913.874128 993.628673 1
31 60.707509 531.200844 2
32 147.999253 590.567900 1
33 130.047806 515.201442 8
34 235.706995 564.633333 2
35 892.020281 809.878484 10
36 117.206589 412.012182 1
37 968.729403 693.332074 4
38 127.703834 558.530795 9
39 49.892307 622.564614 9
40 846.935387 562.461306 2
41 191.460634 526.647225 11
42 163.720265 542.715123 3
43 67.948949 505.007304 13
44 53.721304 595.570835 1
45 949.424479 967.416560 10
46 807.770181 922.766150 4
47 18.284958 522.748882 4
48 897.281993 839.592464 1
49 190.949784 372.563818 14
50 13.773067 476.440336 8
51 241.276998 483.064771 13
52 875.778207 819.989871 1
53 960.745669 1000.000000 12
54 921.478595 858.562004 2
55 936.003540 858.830483 15
56 810.146110 1000.000000 13
57 806.301530 737.059079 10
58 969.614930 946.999275 4
59 897.362235 797.538030 10
60 842.687929 956.861569 4
61 777.619562 1000.000000 10
62 839.294157 1000.000000 2
63 901.922535 645.412419 2
64 907.078689 1000.000000 2
65 210.826308 490.516774 3
66 97.520788 646.597061 14
67 141.469361 448.096195 9
68 235.165253 551.688787 3
69 222.134069 615.863413 3
70 970.988352 770.443506 14
71 0.000000 671.478368 4
72 867.328972 757.081436 3
73 830.394244 846.438250 4
74 70.651320 654.705975 10
75 134.162466 581.851599 4
76 874.058882 789.096370 3
77 879.097570 550.393201 4
78 818.406901 694.573193 3
79 976.087135 1000.000000 2
80 863.677129 609.738601 9
81 849.875101 659.700446 12
82 848.714882 897.903685 13
83 648.689120 757.895270 2
84 903.016457 886.814476 15
85 823.720305 700.127738 2
EOF
