# seed=2002
# generator_version=0.1.0
NAME : medium_loose_b
CUSTOMERS : 700
DEPOTS : 22
VEHICLE_CAPACITY : 70
ROUTE_FIXED_COST : 20.00
DISTANCE_FORMAT : COORDS
DEPOT_SECTION
1 152.791676 183.008011 1505.38 265 4
2 313.864156 168.165694 1074.14 2383 35
3 500.918200 151.140242 1091.02 1303 19
4 654.136648 177.748060 1715.33 3225 47
5 843.767775 161.444081 1729.13 5200 75
6 166.724071 350.440984 1485.03 52 1
7 321.915239 325.693667 1096.59 85 2
8 497.537187 340.012800 918.94 158 3
9 653.226145 345.543770 1397.89 267 4
10 815.626932 339.054683 510.83 2147 31
11 157.270878 493.585722 1069.67 1 1
12 314.832242 517.678173 1525.68 9 1
13 491.308962 491.047262 1611.43 1 1
14 652.427722 506.623628 1598.42 1 1
15 818.737700 511.938932 552.13 665 10
16 186.114224 680.197694 1372.21 1 1
17 318.003871 682.600053 944.01 1 1
18 516.769140 671.947233 1234.07 1 1
19 677.672535 672.465076 901.53 187 3
20 821.292455 662.002945 875.08 2752 40
21 156.579767 850.503089 724.10 1 1
22 324.709094 847.139185 1377.36 1 1
CUSTOMER_SECTION
23 257.726939 125.255142 1
24 907.517253 884.643594 3
25 607.121023 140.351044 1
26 712.259184 85.377513 4
27 806.957477 0.000000 25
28 803.655857 378.883597 5
29 1000.000000 0.000000 5
30 817.216679 883.469237 1
31 740.974668 204.009513 3
32 734.358833 399.904751 2
33 846.168642 257.677169 2
34 205.753391 226.724148 5
35 610.044489 97.953440 2
36 957.371954 1000.000000 5
37 970.962985 1000.000000 3
38 828.080324 991.264610 45
39 664.998902 226.061112 50
40 555.060559 150.424254 2
41 903.534616 0.000000 2
42 912.506153 49.659842 43
43 714.032424 270.469739 4
44 997.217943 0.000000 3
45 887.817594 33.152558 37
46 906.238167 894.202724 28
47 541.991441 198.397815 36
48 1000.000000 50.873834 20
49 617.947860 49.344400 2
50 512.839723 183.386547 20
51 1000.000000 956.564538 20
52 887.945266 410.733862 32
53 815.833266 884.012543 50
54 287.451391 227.137024 23
55 622.406420 171.382483 3
56 440.266083 54.774919 44
57 967.764421 929.637558 5
58 230.666558 199.679394 3
59 799.997950 114.790429 4
60 858.539937 375.371517 5
61 591.523263 237.856223 3
62 608.266051 65.767076 5
63 931.147338 10.434778 4
64 776.384316 884.589847 1
65 845.237457 1000.000000 42
66 681.075882 209.019111 1
67 890.176273 30.308251 1
68 867.621481 375.650687 4
69 799.223854 58.789463 1
70 254.453762 233.860376 1
71 660.211660 229.793816 1
72 899.116487 931.993840 1
73 868.590241 992.896658 2
74 652.405197 117.861925 1
75 681.546199 88.987705 3
76 610.692859 119.963591 2
77 636.762685 183.147262 3
78 636.948321 153.579031 2
79 936.153599 413.817365 1
80 302.450546 160.169721 30
81 804.387414 1000.000000 43
82 661.209740 324.610511 50
83 695.671001 0.000000 3
84 825.939363 314.695631 2
85 706.487428 187.234082 2
86 690.310831 224.787600 48
87 261.463510 86.577801 4
88 699.296116 203.268009 1
89 869.988680 466.963391 3
90 608.028085 26.307416 1
91 622.142732 103.912013 29
92 666.380739 197.532674 3
93 913.714097 547.279244 5
94 832.131726 1000.000000 1
95 885.386271 947.105230 23
96 898.096080 895.173773 49
97 1000.000000 39.372050 1
98 719.180729 126.065962 2
99 778.031918 197.893123 47
100 1000.000000 51.748075 3
101 670.798354 218.047874 5
102 861.554065 474.742315 2
103 558.638478 90.047274 4
104 748.631222 124.928116 28
105 317.859620 135.793119 4
106 1000.000000 928.506147 4
107 266.284740 161.658003 35
108 327.992220 277.603100 1
109 700.366897 97.551060 20
110 983.760048 205.584834 26
111 953.167690 905.615759 4
112 897.722377 71.845118 4
113 706.817643 0.000000 3
114 953.742919 0.000000 1
115 749.762246 146.775447 4
116 888.010814 87.066604 1
117 772.368592 113.658399 41
118 370.030820 237.343281 34
119 324.649408 226.862016 4
120 225.302896 82.410157 50
121 665.854256 176.196204 4
122 887.338463 85.136861 3
123 508.428394 270.428957 50
124 1000.000000 423.676037 1
125 653.263808 170.291898 2
126 793.882998 366.210037 2
127 758.982473 921.647192 1
128 781.122837 961.577048 3
129 945.449141 499.725873 34
130 835.934681 419.381315 30
131 770.758845 127.945427 44
132 662.938884 148.937225 1
133 844.455267 182.227939 49
134 894.945765 345.320580 1
135 917.605551 944.607331 2
136 391.997999 69.636039 4
137 352.404169 102.173409 43
138 923.828152 0.000000 2
139 967.223304 0.000000 1
140 819.909771 168.689792 1
141 399.308710 179.532622 3
142 798.489397 30.367337 3
143 1000.000000 15.826852 4
144 397.243331 66.543605 2
145 714.692879 86.582893 35
146 867.081589 71.907688 1
147 923.631161 238.953370 40
148 836.295083 896.241965 3
149 863.275023 922.391727 5
150 826.217995 370.325534 44
151 720.526722 68.589979 1
152 274.349904 107.334255 1
153 771.100155 160.850305 2
154 631.125332 178.075999 40
155 748.675365 178.369309 34
156 416.812516 86.656761 1
157 657.869028 304.027677 3
158 567.499041 62.570801 5
159 757.019887 302.717718 33
160 777.598775 47.728598 3
161 271.074740 109.854588 34
162 559.201289 153.597138 2
163 977.644702 0.000000 39
164 880.671536 408.368760 1
165 418.737417 134.259369 33
166 599.320018 179.264590 31
167 444.794376 214.878899 24
168 971.624949 1000.000000 1
169 692.590250 35.798951 4
170 876.005644 464.387796 3
171 264.829840 222.151907 4
172 378.877124 96.260222 3
173 243.395814 130.656494 45
174 409.110317 183.800707 2
175 280.037089 200.941251 3
176 325.196806 187.845897 3
177 944.682790 6.906917 4
178 838.874433 0.000000 50
179 174.183582 209.306514 5
180 957.266138 401.977043 4
181 885.921236 51.723556 4
182 977.236527 0.000000 2
183 780.968734 283.070653 1
184 1000.000000 869.089582 2
185 951.096200 267.582960 4
186 567.707888 107.224747 5
187 745.117737 296.641177 3
188 877.060609 313.970732 2
189 877.020449 409.124044 2
190 807.085940 931.337711 4
191 917.758597 405.393502 2
192 375.282444 261.007803 3
193 815.281998 170.147780 5
194 639.971601 0.000000 1
195 940.635742 417.087825 5
196 640.430974 315.248867 3
197 361.689358 112.816361 1
198 656.364538 182.987768 4
199 751.678351 115.621963 4
200 893.556898 409.759341 39
201 939.165141 923.143202 4
202 907.121774 1000.000000 1
203 289.306423 280.884396 4
204 801.252530 157.727041 3
205 770.300310 227.095350 4
206 905.517649 328.188585 27
207 262.690373 461.516747 4
208 814.562851 97.851672 1
209 914.848870 295.519125 1
210 890.078236 0.000000 4
211 638.647528 161.792638 1
212 973.000485 62.417694 4
213 934.363339 0.000000 29
214 811.371703 295.495961 20
215 876.385022 0.000000 4
216 1000.000000 365.867144 2
217 661.966261 63.272207 30
218 722.335665 137.337626 3
219 682.046488 904.213968 1
220 832.360435 125.251632 4
221 916.342928 941.510638 2
222 791.630746 244.926788 38
223 682.000608 816.647937 26
224 705.263345 165.546511 5
225 934.701700 913.286828 32
226 944.266155 327.285645 1
227 653.837487 116.347932 3
228 253.408776 60.140529 5
229 986.722923 109.540580 1
230 1000.000000 363.631883 4
231 651.164402 120.591573 5
232 708.887285 92.408753 35
233 848.651967 148.342758 25
234 989.216589 1000.000000 24
235 885.378425 390.524158 38
236 829.134287 416.704273 5
237 1000.000000 354.623899 3
238 999.148709 125.977991 3
239 885.164347 0.000000 2
240 876.580358 162.600180 5
241 840.918279 1000.000000 31
242 832.808315 224.977039 33
243 901.508684 0.000000 1
244 727.850981 993.365392 37
245 612.364981 170.089459 44
246 764.726733 342.818350 5
247 1000.000000 27.115702 2
248 698.245078 69.806076 5
249 815.044079 200.738245 5
250 1000.000000 577.401551 5
251 808.128362 0.000000 3
252 905.068421 1000.000000 48
253 375.039795 131.183235 32
254 363.476516 240.038115 1
255 266.443290 179.778593 4
256 941.151259 0.000000 49
257 729.287578 292.232573 2
258 963.475327 375.747189 31
259 648.786556 8.201121 4
260 746.737785 54.132808 4
261 877.771678 421.049390 46
262 758.867634 1000.000000 5
263 829.887331 312.964721 4
264 871.133205 143.211673 2
265 176.084529 103.365248 39
266 1000.000000 146.030836 2
267 240.682120 193.056538 20
268 908.425933 1000.000000 3
269 286.792407 305.110961 1
270 341.005361 172.790361 4
271 1000.000000 1000.000000 26
272 987.081237 136.942352 3
273 706.438711 885.195756 2
274 639.343831 161.391571 5
275 681.971472 180.651056 2
276 997.888203 954.757537 3
277 544.958283 125.251452 38
278 544.657993 155.487026 26
279 773.767630 979.077825 49
280 741.079895 24.093705 1
281 633.339879 270.680985 1
282 557.720126 148.014170 2
283 1000.000000 0.000000 47
284 641.369519 177.947294 1
285 368.027271 137.341168 5
286 848.367283 1000.000000 24
287 1000.000000 51.499969 3
288 672.265766 122.130848 2
289 189.337827 188.200839 2
290 957.960847 4.035244 45
291 804.268630 17.287600 1
292 898.978426 1000.000000 1
293 691.657134 988.534940 3
294 976.354705 80.930784 2
295 772.412217 210.624983 43
296 972.857034 423.392012 5
297 656.342275 190.604878 23
298 896.978968 989.424065 4
299 918.917821 314.051481 32
300 886.985870 289.583351 5
301 649.462840 348.627366 34
302 690.485655 368.846762 2
303 640.858170 113.712752 2
304 864.052837 0.000000 35
305 963.499810 1000.000000 3
306 868.143458 425.296223 1
307 834.208708 857.856948 3
308 568.588918 343.996561 1
309 858.285923 405.047523 3
310 781.702760 839.076445 4
311 573.493645 118.949038 3
312 782.011965 138.077968 25
313 517.374793 145.005896 2
314 503.575621 184.414536 24
315 895.486364 25.737586 2
316 699.973277 131.378982 2
317 880.526563 1000.000000 5
318 982.447545 130.614690 1
319 373.849507 210.257829 40
320 907.511456 343.044210 37
321 775.039861 217.766596 29
322 615.935261 226.418874 25
323 356.664754 239.898777 41
324 643.589329 70.216128 1
325 362.938054 87.780556 23
326 601.590847 249.426676 5
327 832.783891 2.788236 43
328 896.713848 871.283228 1
329 658.482358 144.173468 48
330 705.691966 55.958196 1
331 562.156882 142.025804 42
332 629.145275 189.818556 44
333 913.274708 221.808833 3
334 613.266896 43.464915 5
335 763.619162 63.251888 3
336 437.978891 83.814446 4
337 852.247299 0.000000 4
338 591.049901 78.791083 2
339 776.042558 182.470203 36
340 656.575998 189.054770 30
341 984.813317 401.647215 4
342 694.008023 140.110957 29
343 570.869808 174.810713 1
344 227.795033 211.786401 4
345 1000.000000 48.519270 2
346 879.326772 900.207932 2
347 802.770147 949.454425 4
348 932.057199 448.001920 39
349 841.418606 944.490609 35
350 849.067668 414.433857 3
351 887.139846 428.954030 45
352 1000.000000 961.716272 3
353 269.875658 165.224139 43
354 389.370083 327.263960 1
355 319.128780 238.000707 31
356 1000.000000 288.264527 2
357 627.985017 96.148871 20
358 358.084272 54.610633 4
359 763.556162 343.756017 2
360 688.168538 117.430069 1
361 903.764513 443.862104 2
362 331.734413 144.528874 5
363 746.177668 96.361210 2
364 913.920343 413.678351 4
365 821.162558 1000.000000 4
366 711.956436 139.939209 4
367 960.689301 1000.000000 3
368 283.502337 202.847133 4
369 591.203574 12.947622 1
370 966.050581 70.929882 2
371 773.965865 116.746796 2
372 780.271074 190.377898 4
373 833.503544 362.144669 4
374 629.692415 256.819825 2
375 913.377457 18.754293 40
376 884.242441 399.004358 41
377 621.183686 53.837406 5
378 909.729701 366.933470 49
379 866.150888 195.044631 4
380 941.645422 76.579212 37
381 727.349706 127.541354 46
382 751.949043 200.781207 21
383 843.310773 341.552136 3
384 471.589322 226.146474 5
385 900.940299 376.627544 1
386 794.923359 76.642489 5
387 182.684108 232.438551 2
388 150.632877 39.988200 49
389 934.624623 85.760916 2
390 725.081539 229.382472 2
391 278.640844 85.869689 2
392 877.575333 1000.000000 4
393 937.412356 0.000000 4
394 543.129255 149.914733 5
395 805.748539 206.277560 4
396 357.011495 190.484395 5
397 860.736392 87.622601 48
398 741.177038 185.223215 4
399 978.626700 16.361514 47
400 391.647876 124.818518 2
401 494.041520 135.791437 3
402 603.145164 106.238564 45
403 977.537950 289.039913 41
404 1000.000000 63.390453 26
405 774.193415 306.148691 2
406 939.839256 443.249355 5
407 682.644827 375.137035 2
408 796.789286 0.000000 5
409 713.526798 0.000000 3
410 1000.000000 1000.000000 3
411 563.243873 223.194120 28
412 352.872254 57.723048 3
413 891.931870 436.707198 2
414 952.671969 945.223699 5
415 372.334143 168.947947 3
416 445.162730 188.025187 5
417 937.336005 938.511020 2
418 608.002043 148.057657 5
419 803.322062 224.135812 3
420 784.576311 111.956071 4
421 737.554589 117.902876 4
422 810.653970 483.402212 4
423 671.762540 25.565178 1
424 616.305108 199.365620 3
425 564.414703 165.365146 5
426 181.502296 264.713840 2
427 243.995067 176.075494 46
428 649.444382 256.017693 4
429 1000.000000 263.008631 2
430 598.719757 108.582258 23
431 354.117206 80.970133 39
432 910.476005 561.339091 1
433 672.327263 199.807170 5
434 445.310904 108.249636 1
435 484.133111 90.191949 5
436 914.023240 55.690910 31
437 773.113001 997.111557 1
438 981.095115 905.061640 1
439 660.716345 218.124632 1
440 961.976167 120.250893 5
441 267.838430 188.894513 5
442 873.462267 961.707833 2
443 341.777527 217.079290 3
444 916.745721 976.412439 1
445 825.946487 1000.000000 2
446 874.934615 989.995216 2
447 887.840013 97.364534 3
448 936.056837 31.165441 33
449 362.314228 185.783423 1
450 1000.000000 414.995502 1
451 310.711685 177.057543 2
452 877.987342 1000.000000 1
453 914.860334 1000.000000 42
454 943.651325 985.875240 5
455 852.957793 209.503019 40
456 997.034380 432.548689 3
457 960.272657 992.379678 22
458 891.542009 24.937665 23
459 959.780263 355.595531 33
460 736.479402 166.538608 4
461 677.283227 133.310094 5
462 878.530482 913.802843 44
463 991.437102 312.142326 5
464 662.068440 169.300421 3
465 622.498908 216.165229 2
466 1000.000000 353.025522 4
467 651.585920 19.909989 4
468 684.667361 220.325016 4
469 954.584646 310.712810 4
470 660.547942 103.110833 4
471 606.962209 172.859084 23
472 818.279687 0.000000 2
473 782.787585 845.401673 2
474 1000.000000 438.803504 46
475 766.109889 474.160705 4
476 927.781587 369.644629 1
477 415.730185 210.114761 36
478 957.018947 52.226435 2
479 777.719974 838.680919 3
480 769.327639 152.849836 22
481 436.005043 196.282323 37
482 724.900389 242.353889 2
483 254.087111 242.761245 5
484 687.148366 83.086857 42
485 560.346608 66.302680 3
486 730.424944 0.000000 2
487 729.275905 128.082183 47
488 863.808492 533.408765 3
489 935.168910 244.095098 3
490 967.447983 0.000000 25
491 879.183175 147.423981 1
492 676.058925 215.732984 5
493 358.229505 128.933480 1
494 945.749365 91.822126 34
495 957.621167 308.044104 4
496 849.973033 391.044047 2
497 1000.000000 0.000000 30
498 719.813871 94.256482 47
499 986.169614 22.393200 5
500 733.540471 0.000000 5
501 914.001025 504.304101 4
502 767.653694 206.597606 31
503 658.183538 166.672036 27
504 449.244882 177.856806 24
505 908.082613 116.762099 3
506 871.506215 165.191965 20
507 273.649187 256.940576 5
508 676.177840 80.284359 21
509 233.280900 66.578323 49
510 1000.000000 414.128942 41
511 970.324007 0.000000 1
512 847.659787 375.620019 29
513 334.538115 202.585963 5
514 335.333840 311.235257 2
515 828.767978 887.220822 5
516 376.623021 47.331806 27
517 983.623128 912.738912 3
518 857.623481 1000.000000 3
519 889.904164 985.259104 27
520 1000.000000 925.621548 4
521 1000.000000 35.650521 3
522 1000.000000 0.000000 2
523 903.396393 1000.000000 1
524 747.568706 0.000000 2
525 964.823600 894.726006 48
526 629.139425 30.072700 2
527 268.114630 181.660764 3
528 859.029679 355.854245 49
529 991.383203 111.707401 1
530 438.750717 329.216707 20
531 907.687964 217.323392 1
532 883.315134 187.812828 1
533 940.202753 39.280981 42
534 1000.000000 89.234281 4
535 626.876777 82.631191 1
536 438.534767 91.700417 3
537 822.113844 226.835689 5
538 749.361881 119.855201 5
539 724.771625 198.285501 30
540 795.319994 857.545778 4
541 1000.000000 962.592623 5
542 836.849510 949.112617 4
543 855.504420 352.273371 1
544 784.194430 286.974768 50
545 894.338034 1000.000000 2
546 742.179850 377.238344 4
547 396.927045 99.000778 3
548 698.378127 100.750310 5
549 886.018041 85.493283 2
550 292.907891 125.249227 49
551 747.332520 928.058820 1
552 408.361796 68.402711 2
553 678.874894 175.827427 3
554 910.282950 950.848902 29
555 897.654561 0.000000 4
556 824.523334 284.501767 2
557 1000.000000 491.511807 2
558 828.096196 30.062977 30
559 918.702612 0.000000 3
560 986.426405 0.000000 5
561 745.533203 126.823908 26
562 319.308896 325.536860 21
563 1000.000000 0.000000 2
564 951.290973 427.309211 5
565 355.682946 121.740645 3
566 362.639030 158.516365 24
567 797.869479 211.163121 3
568 334.267592 192.443950 48
569 900.796501 158.041328 5
570 833.313657 912.597216 3
571 925.602764 138.643639 1
572 360.738982 98.835935 5
573 155.020264 89.840542 2
574 858.702457 434.036623 3
575 1000.000000 472.484065 5
576 933.623886 934.931267 39
577 816.816197 914.797424 23
578 878.684874 0.000000 46
579 919.515511 276.392193 2
580 456.948235 174.595400 2
581 890.786689 992.046546 1
582 898.770883 0.000000 5
583 848.808292 43.559258 1
584 692.672155 336.524293 5
585 862.144834 115.620865 3
586 618.489249 176.499483 1
587 912.940129 212.541176 45
588 583.277590 227.108926 3
589 882.797596 707.349156 5
590 689.677518 185.761863 3
591 658.565017 167.560780 4
592 739.001067 175.649498 5
593 704.601415 1000.000000 4
594 950.072728 25.845805 49
595 632.642562 248.497561 3
596 538.045473 89.883335 40
597 747.647205 139.834905 1
598 655.388843 0.000000 1
599 839.021360 967.802934 4
600 747.144466 94.386012 3
601 949.927573 103.301381 3
602 770.388180 105.008912 2
603 1000.000000 0.000000 3
604 353.212152 229.358106 5
605 541.151371 111.979504 5
606 418.802838 119.502316 3
607 914.414344 913.058092 4
608 775.165570 65.894469 3
609 614.174517 170.076726 5
610 272.519361 200.455693 33
611 920.964956 927.595542 2
612 698.709892 87.082783 4
613 947.094717 1000.000000 38
614 993.798713 389.334100 1
615 878.524694 376.702791 5
616 699.637023 20.465118 1
617 847.293809 1000.000000 1
618 299.735381 59.025857 3
619 302.366880 186.357414 1
620 690.040192 56.124486 3
621 735.499949 127.272022 20
622 946.725473 957.293868 4
623 748.125537 875.911773 3
624 853.316491 439.301691 4
625 852.797512 18.754028 37
626 736.512334 227.469415 1
627 424.390343 208.072051 5
628 811.386164 895.061398 2
629 893.213655 287.935621 4
630 665.792752 193.342131 4
631 555.511447 43.236956 5
632 824.639975 128.337725 27
633 314.660857 150.153629 1
634 693.973755 285.535221 5
635 778.663733 1000.000000 50
636 928.949687 106.733987 4
637 586.262188 169.978651 5
638 701.556800 67.707893 1
639 844.026887 46.432336 34
640 839.434242 107.626284 5
641 835.071058 946.960852 1
642 203.624886 164.302684 4
643 1000.000000 1000.000000 5
644 670.443603 140.773129 20
645 961.113862 321.227108 26
646 832.026710 430.349969 4
647 666.056848 256.442807 43
648 698.280239 91.886082 1
649 894.401739 305.603213 1
650 607.514070 124.756810 1
651 936.293558 129.732499 48
652 637.408713 159.972715 2
653 816.920824 0.000000 44
654 751.124742 249.926631 1
655 252.495796 177.645145 5
656 342.623096 113.968784 3
657 609.913457 75.580233 3
658 365.345324 31.818933 5
659 943.476563 72.286665 2
660 310.610792 88.971533 4
661 883.607488 266.752124 4
662 905.081089 354.456149 3
663 791.818466 1000.000000 21
664 652.004447 130.691574 2
665 757.489827 88.784330 45
666 254.090542 144.741794 41
667 983.948083 897.029949 1
668 843.598712 724.905121 47
669 612.578093 36.211260 4
670 218.507284 327.197057 23
671 881.600670 492.200149 5
672 859.905564 147.409007 5
673 750.836200 189.110084 5
674 948.751249 85.954149 3
675 492.544410 115.474324 3
676 888.664763 27.338107 3
677 1000.000000 446.070233 3
678 1000.000000 971.918825 1
679 848.721494 318.212596 3
680 891.273310 286.586724 3
681 643.099447 340.102172 5
682 1000.000000 239.096875 4
683 994.509378 840.626670 4
684 482.319443 218.548045 2
685 956.960288 24.345689 4
686 747.316318 167.996094 3
687 1000.000000 226.711924 41
688 697.810847 152.490167 28
689 920.389910 498.900946 2
690 787.646817 1000.000000 1
691 470.120881 153.322318 32
692 594.096314 152.759389 2
693 918.613367 258.349935 5
694 402.582067 83.457121 4
695 960.054407 260.289142 5
696 187.820800 247.550970 2
697 865.575727 0.000000 5
698 683.054008 84.639094 23
699 917.524165 1000.000000 2
700 884.489887 978.290268 1
701 628.362259 0.000000 5
702 295.531565 78.877474 5
703 586.948057 202.305249 3
704 973.486262 13.324962 42
705 817.740321 436.864589 4
706 1000.000000 3.136880 1
707 636.597290 316.537129 2
708 824.221417 549.704609 40
709 880.530984 434.430287 5
710 631.083217 146.783977 5
711 651.234817 0.000000 49
712 1000.000000 386.372836 3
713 783.472499 280.960498 1
714 537.358501 135.406423 2
715 644.770503 182.373948 1
716 307.203615 212.817168 3
717 867.719605 380.428910 1
718 696.362620 0.000000 3
719 337.245265 69.356841 34
720 611.448941 250.556288 3
721 835.707709 928.296719 28
722 930.236622 1000.000000 5
EOF
