# seed=2006
# generator_version=0.1.0
NAME : medium_tight_a
CUSTOMERS : 800
DEPOTS : 25
VEHICLE_CAPACITY : 70
ROUTE_FIXED_COST : 25.00
DISTANCE_FORMAT : COORDS
DEPOT_SECTION
1 183.094328 176.672471 1436.30 543 7
2 347.760848 177.726345 954.69 329 5
3 484.003057 167.598780 1143.86 404 6
4 646.818916 154.956785 1676.08 335 5
5 819.512001 163.927086 1222.50 533 7
6 150.457827 346.090974 907.44 386 5
7 329.523999 344.465339 1230.88 310 4
8 486.043088 345.154708 704.07 249 4
9 673.078349 316.793925 1385.22 195 3
10 825.790804 332.899009 1365.51 515 7
11 172.412226 485.216441 1485.19 368 5
12 351.606975 519.316966 1597.83 261 4
13 492.430292 497.848134 1307.24 186 3
14 651.283470 513.721353 1192.39 300 4
15 842.267557 515.647126 707.61 451 6
16 170.491109 655.572890 853.95 359 5
17 313.958358 671.773314 631.46 295 4
18 513.347767 683.886621 1270.58 209 3
19 654.277800 666.621920 1620.45 349 5
20 839.545176 650.213131 703.94 452 6
21 183.472336 820.960410 801.71 544 7
22 341.288870 845.865292 1224.07 392 6
23 507.043016 839.163261 684.44 474 7
24 660.218730 841.744045 1446.22 309 4
25 829.766078 843.080816 1185.86 630 9
CUSTOMER_SECTION
26 871.976366 559.071621 9
27 302.660787 358.197836 19
28 295.160673 959.774776 12
29 75.150433 409.492427 16
30 946.675237 867.653081 19
31 473.384147 54.963050 4
32 824.512528 903.082755 14
33 300.881802 12.687306 11
34 902.506093 609.652822 7
35 415.033753 145.910405 7
36 688.487725 588.579033 12
37 921.920670 723.478855 2
38 958.011550 355.950667 13
39 658.869170 653.162755 5
40 195.869575 758.636386 13
41 758.530921 493.011783 13
42 647.286224 279.921384 5
43 862.737946 193.204809 7
44 803.561613 364.787625 11
45 565.708710 895.747724 19
46 489.323290 891.016729 19
47 248.861950 907.912554 16
48 719.815885 562.646877 15
49 765.310308 482.285023 7
50 182.889743 551.633447 17
51 274.611981 450.264214 4
52 165.227173 176.761579 10
53 285.048346 664.283269 12
54 615.734577 457.410761 18
55 293.798971 608.786626 10
56 888.581179 893.905979 5
57 1.712746 281.410423 1
58 400.862454 420.425784 17
59 842.090638 917.260320 6
60 164.063841 704.809131 1
61 431.219982 730.399941 1
62 245.249165 735.227392 20
63 757.834027 420.373938 3
64 257.157116 850.649103 13
65 540.952672 52.315179 15
66 353.648661 109.528370 7
67 585.297893 560.214163 5
68 2.017745 611.422760 12
69 846.346209 308.384927 5
70 402.379658 558.046557 9
71 789.655462 790.430283 2
72 642.158032 144.793244 9
73 623.934017 698.178004 14
74 594.965081 530.825642 20
75 441.221429 639.126199 7
76 731.607592 361.591901 2
77 701.815151 737.868192 4
78 94.076181 903.977683 3
79 894.339167 331.785300 3
80 798.597313 327.651118 7
81 693.921500 118.728018 3
82 645.371289 68.841989 10
83 46.848608 973.904896 12
84 254.632531 432.299179 12
85 555.678790 744.339167 6
86 836.364492 353.711832 3
87 351.191244 370.303628 1
88 373.168722 87.205755 11
89 58.414661 19.439675 8
90 952.047263 541.400390 3
91 555.218117 331.111542 19
92 256.392605 792.243473 16
93 755.560782 630.858599 2
94 341.339234 426.974854 13
95 204.017991 978.793963 8
96 272.324727 56.009255 18
97 200.808367 343.352878 13
98 919.040736 718.656471 3
99 557.149648 624.512874 11
100 399.236684 528.459691 16
101 630.182335 117.533624 8
102 285.654401 52.896332 10
103 771.548678 999.545359 9
104 636.721974 446.496044 3
105 775.402684 82.253909 1
106 23.307612 717.445490 6
107 957.906778 933.888637 10
108 962.163729 662.700970 17
109 238.282113 412.200482 12
110 716.466847 808.332193 1
111 705.032349 75.866282 9
112 504.783399 840.696239 17
113 527.159050 588.213065 10
114 807.075098 573.551615 14
115 973.362206 741.415253 12
116 296.919622 257.667776 15
117 244.932029 439.449410 1
118 47.998803 400.492024 15
119 658.120805 5.299068 5
120 961.227785 730.019291 18
121 339.873493 972.177732 18
122 561.720500 963.853342 13
123 252.012741 84.604214 12
124 303.043561 146.326249 15
125 478.585681 41.024894 7
126 355.701335 758.208282 2
127 699.014873 15.157618 2
128 304.803496 436.361283 3
129 967.585321 500.116239 8
130 432.822006 681.666978 16
131 578.996013 7.928658 8
132 860.389088 31.849171 19
133 857.093196 648.442529 4
134 427.789213 897.484562 6
135 101.699812 316.756846 20
136 641.474775 610.576159 17
137 905.987452 495.823710 6
138 903.485617 939.376331 4
139 663.744603 135.064312 1
140 294.532303 95.488137 12
141 730.127021 652.616044 19
142 463.606682 240.932909 3
143 969.116217 671.784032 4
144 615.858233 939.191857 5
145 713.185450 710.837801 12
146 123.457247 60.828896 18
147 754.925539 209.052775 9
148 750.583708 395.339347 19
149 954.064947 523.767030 19
150 487.630034 377.314702 10
151 108.434436 995.593013 8
152 329.661659 385.997636 18
153 270.429018 369.432551 6
154 645.611987 84.426503 19
155 292.149565 842.472449 1
156 770.690025 722.795199 15
157 70.046747 261.539796 16
158 603.466734 811.649447 20
159 278.676829 541.200827 12
160 831.021763 849.200186 8
161 994.644762 88.675897 20
162 886.485708 375.973899 10
163 930.434515 445.495502 19
164 16.160495 6.132734 11
165 759.705181 542.114256 14
166 98.133869 921.220171 19
167 709.626476 563.290961 1
168 893.233097 408.853706 20
169 720.152814 341.949321 7
170 530.456902 56.070623 19
171 995.982032 478.049619 3
172 366.107183 580.077278 10
173 245.223634 463.982069 12
174 224.808259 478.721917 15
175 932.266162 531.695327 3
176 419.034764 343.133448 3
177 754.399704 71.137878 18
178 470.318403 800.592197 20
179 637.480298 791.966690 4
180 169.074450 540.050408 6
181 774.957850 731.688938 15
182 142.313211 146.796411 12
183 101.334304 597.286622 11
184 321.753852 121.785221 9
185 423.620544 988.357662 8
186 255.502355 606.629038 2
187 370.763623 948.762307 20
188 338.118930 574.634082 5
189 944.826670 238.856360 12
190 122.842585 920.595599 17
191 81.499389 375.072727 18
192 131.318493 990.083883 2
193 42.356853 725.243065 4
194 951.547573 514.633490 15
195 699.878666 689.633170 5
196 875.270920 128.673465 11
197 361.014796 666.676671 18
198 163.734225 503.128195 7
199 874.607263 230.236403 1
200 655.567177 569.912861 2
201 173.382119 277.357033 15
202 925.841166 83.515171 16
203 800.941240 765.786185 16
204 384.381061 200.985546 14
205 450.000440 948.767470 18
206 930.309628 703.895005 3
207 18.899075 866.725752 1
208 802.320128 910.217889 14
209 593.826988 904.641074 12
210 928.688902 653.441100 14
211 160.887147 480.921202 11
212 666.348727 367.131989 9
213 458.565301 931.135132 14
214 458.746045 558.935290 11
215 556.505434 984.428932 3
216 486.733652 851.180534 14
217 558.936005 157.079408 2
218 358.390307 554.904955 8
219 673.436035 800.125872 8
220 578.268467 155.459720 11
221 736.869493 432.304117 4
222 147.024661 104.396782 13
223 101.596139 377.135090 2
224 468.198999 111.423451 12
225 991.219833 526.777202 17
226 175.768193 715.986185 19
227 413.042381 819.671744 9
228 863.493523 158.976977 19
229 803.618309 50.421893 19
230 664.282080 12.040889 16
231 338.420445 378.669604 1
232 107.154960 731.972544 18
233 940.454898 726.453940 19
234 828.889767 510.594674 1
235 168.991263 797.135845 12
236 463.045476 166.405571 3
237 45.596563 927.298230 12
238 473.225524 282.153851 10
239 757.185637 711.212136 19
240 928.455671 855.939666 20
241 712.015481 948.895542 2
242 399.653338 621.332698 13
243 284.409812 849.409101 3
244 498.958079 880.900505 8
245 197.587631 179.708838 10
246 225.893843 681.310491 13
247 892.545768 848.089782 12
248 925.865360 381.557539 17
249 815.566012 246.779781 15
250 913.341940 572.172858 11
251 918.466593 717.611792 10
252 440.445526 966.664203 9
253 194.310483 248.706932 17
254 535.962047 182.196674 7
255 518.559672 169.879228 12
256 586.878313 617.198609 13
257 697.826596 799.866441 12
258 434.360876 225.713108 10
259 458.095733 114.927744 20
260 636.925530 86.510168 2
261 374.666160 947.207947 18
262 730.622669 272.578256 6
263 678.814692 459.217041 11
264 907.000577 188.872893 11
265 97.916382 408.690547 4
266 615.868576 909.495458 8
267 446.599300 522.121772 15
268 334.245581 56.748362 13
269 243.522276 513.414594 7
270 492.344739 436.280791 6
271 524.400692 519.093674 20
272 884.076530 215.987348 8
273 874.675778 285.561498 17
274 62.117424 968.489759 15
275 147.034246 663.633928 14
276 875.805193 264.124239 5
277 772.198710 560.510393 19
278 598.849372 796.908187 4
279 713.856967 36.418929 12
280 835.829487 803.955638 16
281 168.753827 801.677130 15
282 592.170179 846.460051 10
283 213.384984 561.101635 8
284 487.509025 988.975267 4
285 909.452569 49.689691 12
286 723.189145 84.989476 1
287 53.769638 253.143405 9
288 558.881718 302.064909 2
289 798.138649 718.074819 19
290 474.076330 785.723945 1
291 611.938796 717.482133 1
292 867.190110 399.934607 4
293 494.691193 692.076472 18
294 183.438046 10.267219 11
295 153.114770 394.654404 2
296 575.096521 865.128822 15
297 127.528825 691.358589 15
298 458.935525 431.684076 15
299 643.676440 630.833662 18
300 313.419532 706.559435 6
301 214.588832 252.542339 8
302 477.515563 795.530771 13
303 971.433188 950.228021 14
304 117.387841 913.480558 2
305 677.556493 261.075647 2
306 703.544428 981.163651 16
307 387.827247 942.588677 3
308 169.649758 112.252889 8
309 331.569637 308.666657 7
310 718.735261 811.908177 16
311 762.026808 634.840340 9
312 394.390111 46.656902 8
313 292.939776 523.433226 9
314 546.279470 674.800593 7
315 374.382931 731.450766 12
316 3.877024 580.301646 6
317 630.880576 560.346052 11
318 471.453873 275.033489 18
319 459.999193 529.574335 12
320 841.455972 455.901960 16
321 438.750726 866.462238 10
322 218.011866 303.568559 11
323 909.888257 431.831574 13
324 741.019927 632.901769 10
325 550.766490 828.085967 11
326 592.313540 230.994858 3
327 876.153394 705.135044 13
328 510.968501 282.082777 18
329 189.145160 36.103152 6
330 260.610806 337.737895 20
331 785.816929 627.189448 9
332 717.445500 134.529442 14
333 351.274842 545.820361 17
334 838.554014 740.457647 12
335 559.796061 497.870678 18
336 788.508123 298.427371 8
337 705.938161 365.614046 10
338 44.570303 590.403419 1
339 412.821035 449.407269 5
340 575.473312 211.606560 20
341 90.418421 682.812463 5
342 995.355317 826.353449 15
343 840.929973 765.421315 18
344 964.998896 868.789010 17
345 731.575041 142.432810 7
346 597.991713 632.850661 15
347 725.762892 694.093126 5
348 414.976326 995.592560 3
349 758.905589 197.123107 17
350 533.563855 879.712998 4
351 95.483110 108.355231 7
352 722.127385 884.203159 9
353 731.395461 430.918604 13
354 381.224980 374.568204 14
355 491.612193 41.966691 17
356 732.647917 218.477077 3
357 499.629453 652.160816 20
358 271.781819 990.081687 5
359 219.657608 776.685566 3
360 493.656978 490.459075 1
361 124.738504 873.779569 12
362 511.901946 45.915736 6
363 927.762834 163.698392 7
364 388.059600 823.378161 3
365 699.562225 62.895211 12
366 75.346340 482.533648 8
367 525.446815 991.831938 4
368 561.292007 189.718891 1
369 280.673070 871.753552 15
370 249.849939 668.455899 7
371 411.329281 5.621541 7
372 62.926207 600.054127 5
373 366.179212 174.337072 1
374 419.064350 964.259021 12
375 230.571002 668.002969 8
376 812.967681 862.893895 19
377 696.548187 14.389593 1
378 221.333596 216.560778 5
379 81.529385 898.161306 9
380 642.316038 205.396869 9
381 987.710133 154.274690 14
382 814.670916 684.965517 6
383 766.452139 90.963377 11
384 843.438802 555.338186 11
385 7.213660 84.224953 16
386 382.692462 174.416795 2
387 667.029867 431.617133 10
388 219.518989 77.415862 2
389 828.148309 726.423266 16
390 88.542602 342.084839 2
391 582.214902 504.213588 9
392 376.033166 261.348355 3
393 28.432138 667.873647 9
394 277.247905 783.690550 2
395 398.387700 645.462116 2
396 464.768799 33.756762 20
397 912.131724 909.949310 16
398 48.379957 227.701993 9
399 748.580563 9.003927 3
400 101.707711 500.079144 17
401 66.626474 992.071430 5
402 999.127530 453.957100 12
403 111.510177 703.109864 2
404 460.714506 208.853808 6
405 821.869191 766.843190 16
406 512.524896 402.103278 4
407 442.222960 852.134414 18
408 259.302296 69.333447 13
409 502.466315 384.578872 6
410 317.518789 787.862849 1
411 752.024082 639.256058 17
412 731.501003 85.150619 10
413 311.230974 328.883460 8
414 619.717502 798.343768 7
415 385.504604 468.868531 12
416 573.149318 659.560641 17
417 574.350350 944.662624 1
418 913.019757 968.825094 20
419 222.120519 781.558645 4
420 480.305822 798.094102 14
421 836.321042 767.224327 8
422 459.717127 918.134010 19
423 163.262066 530.017161 13
424 370.265876 853.838294 7
425 168.033029 770.346332 10
426 849.665130 632.469127 5
427 767.774162 135.933113 1
428 373.555070 698.660449 1
429 564.093681 301.738883 13
430 354.457921 638.350219 2
431 836.280515 299.516443 7
432 279.207098 425.141133 4
433 209.760525 309.308314 18
434 317.521160 691.274291 3
435 580.835315 644.748694 17
436 638.063508 567.798705 3
437 219.233776 387.352941 5
438 203.389180 121.835069 6
439 273.296420 767.955120 16
440 410.120497 925.649498 6
441 835.643881 328.320778 18
442 118.508984 497.769380 2
443 809.507276 728.263733 12
444 686.905381 514.752921 18
445 690.695870 677.524468 8
446 964.684654 103.253211 3
447 510.347899 519.681971 12
448 335.528168 447.934345 19
449 680.984643 724.641966 13
450 624.310753 923.581533 9
451 350.539079 119.871006 4
452 744.215630 154.215550 11
453 312.972529 820.960712 9
454 692.623580 231.312448 9
455 155.442868 730.729074 20
456 392.781494 761.414185 5
457 52.472609 45.275398 19
458 928.145095 709.336855 18
459 139.238668 383.428958 12
460 370.170110 276.829661 9
461 364.119685 876.591027 15
462 193.304691 118.090919 17
463 242.329836 510.993369 16
464 162.372300 300.700316 3
465 602.291929 332.114836 9
466 950.020994 791.018920 18
467 176.776266 254.021202 8
468 743.056522 637.558550 20
469 461.577376 32.127491 4
470 374.258907 709.795697 11
471 400.843629 136.923811 6
472 440.799391 258.867864 7
473 783.720069 281.192873 13
474 990.882719 89.883345 17
475 39.972626 710.810133 4
476 258.055658 864.709302 16
477 716.213475 386.824090 15
478 362.573758 773.317865 6
479 503.331392 293.843063 3
480 959.688639 388.211065 15
481 228.826112 227.313789 17
482 728.638869 67.077190 2
483 602.322589 935.716320 1
484 887.543569 890.933846 14
485 735.043019 387.935818 8
486 361.905217 724.013596 18
487 870.843188 957.102643 14
488 387.453977 864.683288 1
489 593.783950 398.520637 7
490 771.943878 694.904314 11
491 364.734821 269.511069 1
492 202.239766 955.766100 6
493 849.046464 264.617395 16
494 280.479355 32.189519 19
495 29.643983 316.847730 4
496 276.576469 553.889510 3
497 826.606753 777.938599 12
498 558.249831 906.409576 2
499 634.414104 982.758573 14
500 45.723966 284.792386 7
501 342.968836 346.026513 17
502 243.556571 654.952436 2
503 615.703190 406.192642 3
504 518.268273 408.323960 8
505 931.985026 235.478399 7
506 116.420549 164.804862 3
507 905.001776 884.303203 8
508 868.297157 893.757935 9
509 693.131285 574.978681 9
510 118.136133 811.948432 15
511 840.967156 68.093592 15
512 497.751587 330.363811 8
513 176.233281 457.944064 6
514 661.739850 214.259422 9
515 260.594470 146.327248 19
516 227.375047 211.034384 7
517 29.875176 440.064013 6
518 872.580123 366.341539 8
519 839.350494 893.220173 8
520 467.859292 720.218336 12
521 982.746178 674.168596 13
522 214.154020 927.467505 1
523 664.089392 758.222556 10
524 134.480625 555.224473 18
525 31.385060 581.268062 16
526 828.541650 485.055700 11
527 443.864256 214.884156 3
528 124.136971 55.412920 15
529 213.503534 484.776450 9
530 417.569506 421.950222 7
531 686.161455 135.649892 2
532 213.077267 363.662014 15
533 252.370316 56.575267 8
534 181.580291 794.480012 5
535 838.542819 663.861799 12
536 140.358728 999.053551 20
537 111.718844 871.334709 16
538 292.706364 118.142320 6
539 369.759593 569.972442 5
540 698.486994 747.787606 13
541 663.310545 71.142951 17
542 49.561206 52.486252 2
543 128.862755 216.368246 9
544 55.584399 600.948355 18
545 871.775248 61.572069 10
546 279.687288 398.767885 15
547 326.535078 641.507505 14
548 461.619432 893.481776 3
549 352.520222 519.311656 5
550 938.319157 586.908233 7
551 116.924153 255.234078 19
552 399.787286 286.495312 12
553 456.665080 666.107614 4
554 477.120160 92.671928 19
555 878.093905 927.207711 9
556 928.608195 791.312514 5
557 381.283902 266.361126 7
558 465.029914 465.771021 8
559 536.076943 717.800978 10
560 887.649304 177.010810 14
561 37.795084 660.509619 9
562 743.082310 968.435981 17
563 729.074634 954.975974 15
564 983.814238 280.734753 15
565 795.469537 560.394199 2
566 620.643600 226.609520 8
567 487.696892 817.178537 5
568 330.560941 461.035661 9
569 307.643112 392.271743 16
570 367.096177 532.580127 3
571 973.808387 136.130015 16
572 541.522449 767.781386 19
573 298.267663 60.296801 7
574 935.289174 151.050563 6
575 705.241475 735.953414 6
576 475.438783 889.780961 13
577 307.721018 44.439290 17
578 351.233278 424.889203 17
579 758.313542 346.716610 5
580 979.278204 554.114950 13
581 342.446392 659.121118 18
582 740.419097 39.042921 19
583 157.021114 172.214929 9
584 314.823590 468.650089 1
585 895.342420 611.288635 8
586 816.772492 479.308593 4
587 914.890147 783.828595 3
588 565.887521 366.180231 16
589 581.511398 636.900137 20
590 881.298235 986.601114 19
591 161.292154 423.797410 8
592 95.274342 390.964371 7
593 204.071597 134.641241 2
594 197.213259 275.842638 17
595 0.871296 589.930676 13
596 838.336621 515.640467 1
597 521.236950 396.215054 12
598 425.234381 964.332300 4
599 31.594320 514.852572 3
600 646.731093 511.728807 4
601 77.413015 440.576422 10
602 400.595145 455.764304 13
603 954.037848 925.984935 12
604 409.944697 685.947361 5
605 681.418738 283.922060 7
606 291.613486 172.379816 7
607 888.138339 774.979147 7
608 171.710126 595.331192 13
609 769.644009 175.834264 13
610 736.043553 712.840969 17
611 636.201281 121.917200 11
612 769.081218 961.225230 12
613 72.372877 189.538055 20
614 767.086546 176.327357 18
615 164.416027 889.848380 13
616 852.754573 754.093837 6
617 755.172579 799.648346 2
618 616.702511 788.344333 3
619 721.811153 506.674220 19
620 77.084342 242.367819 1
621 746.779658 262.111394 17
622 818.474082 280.605877 18
623 116.296554 724.857784 3
624 108.052310 709.141555 13
625 164.699361 204.083009 8
626 176.264720 996.986124 17
627 16.281613 812.163226 6
628 225.262950 772.614099 10
629 401.165609 778.926095 20
630 556.098697 665.806109 5
631 634.268875 227.026008 4
632 230.941959 504.344616 12
633 58.660998 526.085665 13
634 715.616605 780.716440 9
635 314.796412 604.411276 13
636 306.502088 76.076748 20
637 840.006573 573.918301 6
638 192.293321 481.325679 9
639 838.833965 586.517579 16
640 416.261572 422.186656 1
641 849.492345 113.108911 7
642 299.652365 519.411458 13
643 605.855560 269.594848 3
644 217.641300 165.020348 16
645 315.499105 518.238501 7
646 122.494238 312.243994 10
647 53.737732 317.062802 20
648 390.580521 474.715860 4
649 818.122634 133.935373 8
650 120.574804 856.109228 9
651 322.657494 755.589848 20
652 589.812064 408.186578 3
653 577.486096 20.063979 6
654 186.469337 474.611164 14
655 384.543997 645.927355 1
656 432.436658 760.500367 18
657 616.381545 168.275161 11
658 650.251467 761.367144 2
659 325.379947 16.788826 12
660 690.234040 696.473752 11
661 814.439483 894.319499 1
662 459.469665 109.302457 18
663 269.949359 775.548353 10
664 516.614234 791.151873 20
665 318.490879 998.318502 12
666 502.769061 294.346903 5
667 887.103268 883.532837 11
668 696.498146 610.944583 11
669 116.541941 992.453538 12
670 48.020670 969.100148 4
671 337.788143 270.517526 7
672 997.681557 815.847575 14
673 253.267506 7.345717 11
674 420.518472 477.122798 16
675 681.428668 714.615094 10
676 519.524021 464.715999 6
677 384.470886 786.682032 7
678 560.993518 997.936501 10
679 704.368165 429.663445 13
680 781.190552 297.248679 6
681 176.131937 482.151437 12
682 746.351115 605.520348 1
683 659.009282 874.458806 13
684 653.753316 309.170135 14
685 987.314147 255.768775 5
686 461.702762 452.963552 5
687 689.667990 422.404633 4
688 197.558159 749.227318 19
689 461.252015 555.774235 12
690 380.164469 872.333461 20
691 401.808642 874.068371 2
692 43.798038 774.207523 17
693 195.622162 335.965144 8
694 299.339024 676.069230 2
695 187.202507 539.591223 1
696 544.984282 290.448614 6
697 763.604394 380.456433 14
698 739.711810 587.437284 15
699 301.206960 179.440645 8
700 271.598210 337.941166 7
701 425.193757 687.533929 20
702 868.376514 284.261080 5
703 80.793462 121.709321 18
704 910.964442 297.477915 14
705 421.825780 141.866589 7
706 826.944477 812.078096 17
707 819.738927 344.480890 14
708 975.629232 550.168853 20
709 192.886394 484.706314 8
710 908.340448 496.222217 9
711 680.629855 900.284239 14
712 924.904316 815.222056 14
713 617.190524 287.760138 10
714 494.609679 224.266630 5
715 301.965371 711.698407 13
716 679.054072 931.627861 5
717 337.823428 700.567722 14
718 159.345143 617.795648 6
719 379.051266 828.037001 12
720 6.624742 87.590840 14
721 514.877434 14.122271 12
722 316.986790 912.706511 18
723 207.248501 754.749941 5
724 81.870568 401.105259 13
725 541.632157 980.636561 1
726 493.941865 200.035774 20
727 862.938532 374.637426 18
728 362.468982 544.016977 10
729 329.765269 913.562078 8
730 830.686028 260.844389 9
731 630.015400 744.744443 5
732 160.589533 555.617625 19
733 258.330573 189.509410 17
734 870.861328 147.324277 5
735 857.099774 830.559087 20
736 751.986633 700.985504 2
737 787.075037 647.583181 1
738 386.828826 253.732010 14
739 446.589027 132.972856 6
740 295.260246 786.732836 9
741 823.445826 331.594429 15
742 150.564873 665.946400 5
743 502.891683 813.846899 4
744 254.866516 596.474197 6
745 867.668645 173.607027 8
746 685.014800 860.507994 7
747 829.522475 346.603759 16
748 896.068806 372.810889 17
749 847.278499 978.386444 10
750 360.880919 111.110869 10
751 197.314075 288.440123 18
752 990.203340 634.462461 10
753 440.974477 984.103340 14
754 344.179727 883.897194 13
755 244.657416 219.659531 1
756 203.095778 659.610800 5
757 950.779917 106.483188 4
758 904.149774 807.377702 1
759 392.174667 159.957753 13
760 672.111278 298.244200 3
761 42.426803 188.630568 5
762 76.786277 667.305998 11
763 36.833332 839.069881 11
764 553.479612 387.986049 17
765 278.745526 335.114225 2
766 959.654616 499.757802 13
767 952.692675 330.052807 19
768 519.093135 651.088306 4
769 117.295051 158.146950 5
770 790.279762 233.478800 18
771 749.833711 688.235074 3
772 891.128891 426.183284 15
773 511.502456 239.477702 18
774 65.706614 32.788132 5
775 551.821791 584.714478 4
776 754.688999 504.546970 13
777 495.884524 294.332235 20
778 78.166006 52.067227 14
779 524.442044 660.880037 1
780 129.862941 915.692735 11
781 683.806690 690.400154 13
782 229.869147 615.193985 18
783 277.894779 236.459683 3
784 459.336314 908.957379 20
785 686.321650 56.019362 9
786 808.847281 493.784368 18
787 434.081922 74.331528 3
788 158.356794 950.255613 19
789 484.333032 841.465112 7
790 793.159678 877.116648 4
791 736.591618 378.444734 20
792 656.013814 130.967842 18
793 714.901183 538.201616 5
794 737.227037 138.043484 10
795 228.875970 826.992793 20
796 152.762347 593.196683 9
797 564.482643 928.478489 2
798 907.243610 567.215612 19
799 997.837433 318.314042 7
800 443.141233 134.937831 16
801 581.195534 699.015488 12
802 589.395754 570.088181 6
803 73.042005 307.498426 15
804 603.654406 203.365929 2
805 676.632335 583.369625 17
806 862.274433 404.027284 16
807 547.057163 106.350142 10
808 627.544341 884.609918 15
809 788.471070 317.339769 13
810 623.102473 372.089852 2
811 355.989714 347.839615 1
812 432.084283 105.361752 17
813 271.028219 388.619035 5
814 965.919126 528.256402 15
815 413.672011 174.874779 6
816 686.339268 433.324110 14
817 442.880657 60.161080 15
818 282.252750 260.405304 7
819 410.469633 680.438938 11
820 956.684190 606.981450 9
821 393.516650 514.675419 8
822 288.137679 487.827661 20
823 39.832999 471.106538 8
824 682.540676 362.224287 1
825 650.099677 618.751367 1
EOF
