# seed=1007
# generator_version=0.1.0
NAME : small_tight_b
CUSTOMERS : 400
DEPOTS : 16
VEHICLE_CAPACITY : 60
ROUTE_FIXED_COST : 30.00
DISTANCE_FORMAT : COORDS
DEPOT_SECTION
1 38.064303 904.997979 904.64 72 2
2 585.807420 187.711293 1196.41 278 5
3 634.186395 905.120285 650.60 353 6
4 454.273750 144.624229 1071.14 197 4
5 404.943551 94.079405 1648.14 407 7
6 845.741950 540.667455 1647.64 236 4
7 843.417146 522.531211 623.14 95 2
8 56.524572 830.668467 808.83 377 6
9 626.191370 183.267394 1792.06 74 2
10 578.891036 833.848052 1651.62 222 4
11 448.370157 246.379506 608.46 334 6
12 359.793623 0.000000 1576.34 336 6
13 829.648389 493.730788 1754.06 510 8
14 784.581764 568.615549 1185.51 539 9
15 62.922390 734.748610 1097.65 289 5
16 645.219491 174.128751 732.07 188 3
CUSTOMER_SECTION
17 104.833937 833.790886 10
18 795.937247 611.374635 5
19 714.101521 327.721436 3
20 730.857636 470.343992 3
21 273.800009 0.000000 2
22 299.614667 85.843023 5
23 355.830196 208.288579 20
24 620.282122 303.180356 13
25 509.410376 54.006129 12
26 877.801044 522.333901 1
27 759.609186 510.351370 15
28 618.478127 942.456448 20
29 783.347744 526.059721 12
30 469.739608 0.000000 5
31 780.638538 430.270188 2
32 412.126318 26.524658 4
33 718.244499 958.078067 17
34 808.080055 614.738471 9
35 109.726831 748.390024 16
36 632.969154 853.900410 19
37 418.476635 281.814831 9
38 929.444824 532.685632 18
39 641.004253 510.843408 8
40 861.329706 608.698438 3
41 523.436583 7.715481 3
42 741.526763 542.280731 11
43 708.166504 544.364386 18
44 47.065726 723.579644 15
45 654.875199 858.283642 1
46 127.525901 878.313648 4
47 846.465243 434.624286 11
48 435.474534 100.913863 2
49 683.750084 497.983975 10
50 677.997712 279.159985 4
51 889.023193 384.287978 2
52 546.410906 991.446658 6
53 222.919584 813.481636 2
54 743.417611 339.858148 4
55 326.697786 159.799278 15
56 845.877274 621.316987 14
57 776.639722 523.278223 13
58 770.114433 500.458854 1
59 678.201134 176.482867 14
60 707.534739 607.820754 15
61 509.389188 812.886191 6
62 157.598435 56.075043 9
63 399.452227 81.767055 5
64 938.149193 402.018875 20
65 751.365255 655.344766 9
66 695.847913 501.551733 3
67 524.031313 846.318468 15
68 451.701254 0.000000 11
69 317.316471 88.863015 17
70 445.272662 832.157806 5
71 143.802056 852.290683 12
72 0.000000 790.963590 6
73 121.917568 664.463830 15
74 430.809884 0.454914 2
75 159.771802 739.471101 19
76 682.503277 891.659619 15
77 346.432006 176.596111 14
78 594.090113 208.646037 14
79 765.696129 640.879501 1
80 801.301700 513.781972 5
81 860.273371 547.326376 16
82 652.851385 814.358258 6
83 395.858874 99.319945 9
84 582.478189 874.814480 14
85 122.171206 807.050969 2
86 982.594947 584.440628 4
87 59.524477 820.959161 17
88 448.920643 43.081129 5
89 575.172709 163.995055 11
90 569.388066 271.490233 14
91 640.722420 247.288520 11
92 359.863691 0.000000 3
93 754.147262 691.723474 13
94 302.129830 68.295885 17
95 609.315505 948.536718 13
96 517.877323 242.066217 10
97 500.095713 888.822890 5
98 644.590383 320.893495 3
99 529.722357 279.982313 14
100 440.350753 0.000000 11
101 23.470353 716.281688 11
102 307.089189 14.479611 12
103 91.601987 654.907071 5
104 967.815822 445.223700 4
105 0.000000 781.563115 15
106 151.762078 685.567509 11
107 861.700633 533.685404 19
108 204.745255 950.203303 20
109 482.060343 227.869674 14
110 129.396851 771.986670 9
111 716.073769 623.576258 20
112 769.776724 403.091603 7
113 395.289538 148.152564 12
114 714.785975 481.580068 18
115 787.474530 509.101993 17
116 791.535152 613.239246 1
117 417.719931 348.271504 18
118 809.173778 576.246064 9
119 50.691640 839.945659 7
120 995.737414 531.439538 17
121 558.355629 233.362719 16
122 412.813743 91.165851 2
123 852.343491 470.424685 20
124 749.900843 590.175997 2
125 756.140483 551.402333 10
126 390.132786 194.586903 3
127 267.941241 177.657913 5
128 704.240571 512.812227 15
129 436.743003 0.000000 5
130 700.376715 247.346563 6
131 261.909495 156.061642 3
132 521.134709 885.863889 10
133 84.661529 772.770823 20
134 839.838240 500.069412 9
135 933.509316 462.014660 12
136 884.003490 483.397002 14
137 777.120736 660.570891 7
138 801.981661 568.894574 4
139 343.747737 134.036754 14
140 369.021144 0.000000 13
141 27.261546 759.633569 9
142 314.533195 84.936166 6
143 394.851144 12.335200 1
144 615.755328 879.781711 7
145 383.759794 0.000000 8
146 707.875705 532.005987 7
147 792.054926 450.203366 3
148 300.555349 278.024598 1
149 349.705599 0.000000 7
150 986.127748 661.207139 6
151 801.753629 544.174280 17
152 803.271763 578.307357 16
153 44.265032 742.345311 3
154 827.331536 346.412406 19
155 351.108757 0.000000 19
156 458.070870 136.926558 11
157 826.458495 437.893424 12
158 73.385730 848.298277 19
159 413.079026 271.602980 6
160 674.961624 896.618309 13
161 511.420199 272.261728 5
162 170.205268 679.103444 2
163 511.408080 195.167299 1
164 808.100250 444.015016 3
165 352.444162 24.092032 3
166 0.000000 760.558910 20
167 460.396997 230.922163 10
168 237.054584 129.675842 13
169 49.082477 840.137795 8
170 835.160486 496.133208 17
171 0.000000 771.446380 19
172 583.463445 98.170787 6
173 519.439634 62.448568 15
174 620.711288 413.276948 5
175 561.507385 210.985952 10
176 771.044474 427.897771 5
177 857.940479 560.837317 1
178 784.147558 659.216858 6
179 565.346752 996.919556 18
180 678.610477 898.495050 7
181 514.706877 822.419762 19
182 811.765936 536.742008 14
183 488.860005 877.566219 8
184 621.927982 142.583931 20
185 828.027390 688.789270 14
186 129.133474 764.204811 8
187 359.143555 149.115687 3
188 690.203533 269.023604 5
189 750.458571 399.445072 12
190 977.948141 559.010303 14
191 325.236562 23.423714 2
192 340.468806 103.164301 15
193 833.035683 528.953834 17
194 500.075644 172.854228 15
195 0.000000 824.877295 15
196 692.011314 615.891936 12
197 177.145873 870.835901 8
198 536.345880 211.922801 5
199 779.815698 354.558756 14
200 832.417204 652.332912 16
201 289.996541 81.832029 1
202 0.000000 734.415248 7
203 484.081636 900.728015 8
204 369.434766 89.385511 13
205 0.000000 875.700473 3
206 294.312948 27.567334 14
207 248.685739 823.246920 9
208 718.802769 160.248703 12
209 428.996441 0.000000 20
210 663.415439 881.249039 11
211 0.000000 866.341210 7
212 519.374161 136.603976 16
213 17.464884 834.314263 19
214 234.657437 64.288145 6
215 795.388405 413.384212 10
216 385.278360 229.283654 1
217 32.222069 998.931727 10
218 658.628530 124.682468 18
219 749.962019 570.544130 16
220 466.575151 333.203679 3
221 704.166601 120.582931 4
222 0.000000 839.911093 9
223 581.590951 1000.000000 14
224 757.379644 446.546318 13
225 442.403681 76.271060 14
226 788.197226 94.697337 2
227 289.843361 776.300678 6
228 763.972570 261.790303 11
229 831.641919 639.979014 1
230 0.000000 728.394265 13
231 772.476388 694.404523 10
232 508.921634 83.574626 10
233 72.888571 754.012177 4
234 811.954897 413.682039 11
235 907.101209 574.571504 11
236 850.266994 546.815185 6
237 474.200742 1000.000000 5
238 514.642263 996.876854 14
239 953.737041 603.072271 8
240 413.632729 61.698452 12
241 493.130724 17.751864 20
242 607.527800 249.409345 15
243 516.555397 281.176767 19
244 651.624484 836.030124 13
245 721.620648 375.258932 19
246 824.778791 581.395261 14
247 50.047749 733.109531 10
248 818.884774 555.515302 12
249 579.920166 203.493028 14
250 838.099071 499.431860 8
251 639.936902 226.245899 2
252 478.005333 252.069650 15
253 753.149583 426.391001 19
254 495.556667 803.945907 9
255 95.153638 794.835041 16
256 380.555084 156.279917 2
257 940.537562 563.850381 15
258 67.453157 812.753353 8
259 0.000000 787.891588 16
260 381.009451 320.643149 13
261 662.655255 193.154836 1
262 653.312367 840.603155 9
263 589.349179 192.817395 15
264 604.187758 863.547137 3
265 666.378509 293.919957 13
266 509.161565 926.270705 13
267 824.313762 411.214390 19
268 749.014370 741.228810 9
269 736.105427 696.281606 20
270 871.849022 467.461221 7
271 260.658816 0.000000 6
272 497.077637 308.843599 8
273 101.601947 827.499376 11
274 9.491186 703.460891 3
275 0.000000 787.502239 7
276 402.015103 174.725436 1
277 549.675530 751.952463 2
278 365.345522 91.504291 14
279 389.680641 91.377878 8
280 486.752969 77.516177 2
281 769.040245 477.014314 13
282 856.265697 471.454472 3
283 823.144795 550.978793 12
284 688.210325 481.266604 7
285 904.698098 533.123164 13
286 461.617107 0.000000 6
287 454.197074 329.344718 15
288 453.895714 104.357278 1
289 833.835512 647.320522 8
290 648.888016 837.725125 6
291 138.703467 827.505107 7
292 335.838284 88.918841 2
293 883.789267 417.844357 5
294 75.823167 730.878555 3
295 0.000000 798.010962 17
296 244.551234 124.995234 12
297 417.716158 146.118925 8
298 334.055673 0.000000 3
299 446.043909 0.000000 6
300 7.016870 796.669337 12
301 857.071172 486.131647 4
302 737.792760 232.233554 17
303 555.762509 225.138946 15
304 295.040354 628.841269 14
305 668.672792 891.838935 7
306 423.972086 198.106556 7
307 155.339620 798.050524 3
308 379.771117 145.136147 4
309 930.733809 506.027575 16
310 412.133813 195.139374 4
311 857.717382 521.196779 5
312 775.549973 483.705771 5
313 385.214906 99.557103 14
314 781.041818 470.387940 20
315 33.874491 791.374519 11
316 456.573461 968.792114 18
317 761.482851 453.330839 2
318 332.182092 20.535082 16
319 440.556295 892.907795 11
320 650.064347 192.378504 19
321 301.926000 0.000000 16
322 449.858661 0.000000 12
323 460.945249 0.000000 9
324 442.002904 272.611348 14
325 582.715610 64.373306 13
326 569.073953 928.326528 11
327 561.149490 117.626987 10
328 716.254614 412.147584 19
329 221.090131 105.568537 9
330 354.924556 148.458192 3
331 937.154797 507.961865 17
332 646.767688 215.552849 4
333 0.000000 822.952667 2
334 333.368675 147.755463 9
335 529.513078 186.629486 10
336 626.226262 272.960979 1
337 531.792481 200.871500 13
338 437.757301 63.666385 7
339 676.642615 890.903026 16
340 193.144346 843.303628 13
341 115.386790 877.296021 8
342 406.497119 62.683258 15
343 0.000000 782.459440 14
344 337.775978 213.490452 6
345 850.977708 582.007982 9
346 592.536329 593.241339 3
347 331.258223 157.791477 18
348 0.000000 839.399961 3
349 632.253378 494.804192 2
350 781.977908 442.945850 17
351 674.896641 275.815936 12
352 455.134107 239.388513 5
353 624.234881 159.824862 3
354 603.065698 888.511645 10
355 736.504740 523.490976 7
356 443.660346 145.313753 14
357 679.195021 569.876164 14
358 247.916500 916.952150 14
359 524.253429 207.366604 8
360 933.225600 478.452581 17
361 723.019518 296.157055 10
362 27.866731 922.472232 9
363 138.252328 853.203404 13
364 586.550586 335.671661 19
365 0.000000 921.682459 5
366 805.037479 550.817971 20
367 586.632907 986.179145 13
368 881.703961 434.662442 10
369 701.775099 217.876752 5
370 508.691985 272.657342 18
371 750.360771 512.568950 10
372 423.423575 31.175876 5
373 257.177907 44.406741 12
374 446.080231 130.492971 6
375 252.028094 5.526967 9
376 308.871814 0.000000 18
377 758.028740 124.588434 5
378 424.611289 203.074407 1
379 56.332867 758.198108 15
380 306.120930 114.193047 8
381 341.740026 73.652787 11
382 640.963173 800.043303 15
383 511.375167 288.573484 17
384 537.918773 24.146311 15
385 668.314352 894.518959 14
386 178.083631 785.461376 3
387 589.847312 158.290674 11
388 635.928350 854.389417 16
389 490.314201 154.837106 17
390 576.937468 106.159603 6
391 710.681322 513.222508 17
392 606.583857 997.048910 8
393 554.971392 877.308114 17
394 804.857359 668.921483 5
395 0.000000 861.008251 10
396 842.618643 504.327202 11
397 297.333186 163.736647 19
398 449.521411 93.587207 13
399 688.775233 659.975520 6
400 409.260325 269.009701 18
401 551.524680 113.889611 3
402 439.846510 214.387505 2
403 836.257249 495.269753 11
404 143.504706 808.181668 2
405 438.293854 207.949854 14
406 512.968387 153.049620 4
407 866.260742 412.075061 14
408 897.483734 426.104595 10
409 535.404537 151.756338 20
410 766.196824 234.960501 17
411 606.451722 820.605977 15
412 618.438538 990.220527 14
413 576.918931 252.685630 1
414 381.994330 188.774990 16
415 479.986440 86.511481 14
416 392.392919 202.610767 10
EOF
