# seed=1001
# generator_version=0.1.0
NAME : small_loose_a
CUSTOMERS : 200
DEPOTS : 10
VEHICLE_CAPACITY : 50
ROUTE_FIXED_COST : 10.00
DISTANCE_FORMAT : COORDS
DEPOT_SECTION
1 382.391681 376.598879 564.28 601 11
2 843.633720 200.057022 864.35 588 11
3 707.310011 754.689337 342.49 542 11
4 473.123311 944.800972 449.61 533 12
5 910.624002 324.738952 774.60 578 10
6 198.156482 431.556539 592.76 573 12
7 651.506391 191.640113 624.77 584 12
8 259.090888 468.339323 448.99 560 12
9 52.271711 500.570143 393.89 554 12
10 127.236078 430.441990 599.33 542 11
CUSTOMER_SECTION
11 612.594929 15.700468 12
12 187.689577 857.890065 11
13 76.198634 201.090244 15
14 630.100999 98.562134 7
15 152.204405 180.245007 12
16 131.928388 984.116980 8
17 765.153211 253.467915 10
18 490.620984 211.082735 8
19 360.485452 913.125295 6
20 62.766702 201.185820 19
21 266.057035 956.331207 14
22 783.907677 108.524155 17
23 889.240093 380.038328 20
24 329.041333 70.951485 14
25 370.650069 977.786839 5
26 389.553666 377.609771 18
27 388.869873 45.338140 6
28 358.194660 124.338342 2
29 86.957373 271.072414 14
30 400.105797 718.066542 8
31 204.418708 826.803773 15
32 230.442266 435.524062 6
33 511.403700 803.278642 3
34 393.584575 785.765524 18
35 691.736701 404.378139 12
36 624.203838 100.347711 17
37 434.417725 104.378049 14
38 157.338298 650.495170 5
39 676.265737 401.345469 5
40 975.441605 744.798802 18
41 24.360989 112.415315 16
42 257.172508 535.917726 17
43 359.871313 554.341883 5
44 526.147102 925.483472 16
45 659.101717 819.445436 2
46 312.323342 559.880692 3
47 963.412181 724.631510 12
48 190.402449 510.730393 20
49 126.956981 381.896390 16
50 663.207078 262.156843 10
51 666.038980 328.547389 15
52 646.677506 474.168356 5
53 551.011317 965.875125 2
54 778.126795 500.507568 7
55 422.299498 824.083987 11
56 100.878830 734.705644 2
57 688.235564 794.858297 20
58 26.634991 265.547733 10
59 798.651232 14.450347 5
60 338.036777 547.653595 19
61 209.418596 62.972801 1
62 235.450516 425.637150 14
63 309.741968 837.896663 8
64 112.313800 161.978929 12
65 27.389797 704.863592 15
66 291.583750 342.259646 5
67 352.782431 88.777125 7
68 77.708415 383.349308 19
69 474.252487 357.715932 18
70 111.768354 661.815978 2
71 450.570204 876.840706 11
72 728.330811 183.632769 18
73 239.398644 448.052888 20
74 297.305696 938.843013 1
75 408.784674 177.864873 12
76 432.431252 738.029843 16
77 618.913516 780.396719 16
78 546.148990 939.161923 2
79 387.297156 977.872102 10
80 657.224102 753.576468 15
81 213.550222 849.430238 16
82 11.791091 727.634190 20
83 456.292144 844.852070 8
84 666.177038 252.366959 17
85 168.467511 386.634179 12
86 64.600727 57.703967 8
87 170.983458 856.493904 4
88 16.761635 556.019278 13
89 709.212194 665.427702 19
90 742.257367 913.059032 9
91 495.900370 568.103274 15
92 733.157192 392.846062 5
93 21.189493 786.396768 9
94 317.363348 858.575216 17
95 387.683364 167.467634 20
96 416.862160 952.199976 20
97 670.139968 107.354082 13
98 565.994887 12.489838 8
99 612.191405 756.779974 3
100 734.778760 129.773602 9
101 419.718419 606.106373 1
102 654.894855 171.200335 11
103 164.159592 170.961486 4
104 358.998200 342.853315 5
105 667.088102 283.934556 8
106 17.230271 622.788075 4
107 534.884935 3.107205 2
108 313.998901 316.995333 14
109 918.530954 185.090628 1
110 679.220597 635.297155 4
111 872.284508 0.301922 20
112 847.177318 396.587104 7
113 68.368486 565.919844 15
114 194.000188 154.896282 11
115 120.011662 327.737585 17
116 566.570932 112.461713 12
117 286.153708 50.188303 13
118 404.498781 655.144136 17
119 722.558986 30.272880 12
120 402.941962 464.866647 19
121 555.366449 616.116783 7
122 340.849072 465.096183 18
123 631.804007 830.992778 13
124 838.939928 354.434323 17
125 607.234268 869.802397 8
126 926.041606 984.420102 17
127 760.303805 388.657203 19
128 372.660883 509.492780 15
129 211.353869 457.291203 9
130 135.927468 718.348912 13
131 194.979684 446.981497 15
132 255.616541 32.468956 3
133 849.122875 370.112279 20
134 448.636332 448.621068 14
135 551.193374 938.040702 13
136 833.979048 961.521186 18
137 645.919345 253.312665 4
138 85.680196 242.417297 9
139 26.041924 150.457452 19
140 246.540628 901.467659 4
141 521.051673 174.052139 2
142 913.281911 719.334912 18
143 421.168845 184.980172 20
144 701.863674 754.379170 15
145 807.532356 480.343201 11
146 945.451869 408.302854 10
147 666.593767 331.408137 4
148 460.959461 43.522848 3
149 865.036959 573.264699 17
150 568.510964 740.008163 16
151 139.783230 830.562909 14
152 582.169323 381.292869 6
153 491.936890 146.748283 16
154 803.196239 635.561545 12
155 684.027493 847.598299 16
156 842.646867 803.943203 5
157 346.350511 907.731407 11
158 123.900626 307.722182 15
159 188.674395 616.027775 19
160 956.068867 458.172348 11
161 299.457899 70.541579 9
162 812.858838 50.085952 19
163 359.884352 959.274467 17
164 124.306630 126.428269 17
165 992.337217 540.198922 19
166 432.474540 338.682393 18
167 867.159789 985.022010 10
168 753.562172 582.538984 3
169 369.171565 88.349241 8
170 939.913517 385.194697 1
171 645.745933 489.259708 15
172 826.894204 348.905188 10
173 270.253172 696.720701 11
174 21.621564 252.813947 3
175 928.809205 909.889655 3
176 86.005400 311.891378 2
177 975.278854 415.985734 12
178 564.081413 126.682549 10
179 829.583373 818.469752 10
180 445.629571 598.486003 15
181 705.614809 981.917360 8
182 210.089897 106.908841 9
183 398.476751 130.645699 17
184 972.925156 581.201678 3
185 634.481291 389.624377 15
186 858.675546 491.588331 9
187 899.743293 623.364870 16
188 942.497494 947.606133 6
189 561.698856 286.167575 18
190 962.394287 223.286230 20
191 436.475516 831.090504 7
192 628.427542 317.507231 15
193 364.736747 812.351233 19
194 530.846358 522.780533 10
195 948.542121 805.331998 2
196 206.098671 255.864531 8
197 820.831515 186.619748 18
198 130.296845 223.795285 13
199 226.048005 641.023527 18
200 480.923025 718.226485 12
201 898.576274 308.395890 2
202 417.150337 347.712077 17
203 395.420726 547.662234 15
204 89.061097 742.061693 11
205 786.477529 12.625353 13
206 30.853050 12.405198 6
207 48.275267 339.526412 1
208 571.500851 779.761640 7
209 531.889278 308.980083 16
210 452.334962 206.514903 7
EOF
