# seed=1003
# generator_version=0.1.0
NAME : small_moderate_a
CUSTOMERS : 300
DEPOTS : 14
VEHICLE_CAPACITY : 50
ROUTE_FIXED_COST : 20.00
DISTANCE_FORMAT : COORDS
DEPOT_SECTION
1 188.959613 207.498262 826.52 346 7
2 390.317820 189.492422 820.21 454 9
3 617.002802 194.803791 806.41 210 4
4 805.592340 208.431640 1478.17 616 12
5 181.879799 417.773562 592.52 247 5
6 391.494005 411.894298 621.37 161 3
7 616.537231 398.682632 404.43 144 3
8 786.287093 380.195056 1248.50 278 6
9 209.643061 586.856733 912.22 290 6
10 394.080137 615.681782 912.65 114 3
11 604.297002 610.886108 1259.36 291 6
12 787.649682 618.312840 413.34 647 12
13 205.996408 809.925124 416.59 355 7
14 381.475647 804.006675 1360.41 390 8
CUSTOMER_SECTION
15 187.757368 256.705810 14
16 494.679327 660.791557 12
17 752.112862 723.097868 3
18 340.437200 597.540588 5
19 970.577113 706.704140 5
20 217.034735 140.700309 7
21 707.197496 862.890771 15
22 389.525719 114.760578 13
23 535.583451 528.020227 8
24 829.820354 109.377531 6
25 970.113509 711.369867 5
26 84.988390 837.509524 9
27 477.411666 716.433506 7
28 506.627728 135.040821 18
29 899.708334 159.055885 14
30 354.387258 518.819646 19
31 374.622389 565.661484 9
32 931.196579 145.972905 15
33 592.823003 184.882588 8
34 704.754882 637.267883 12
35 308.355894 307.063217 11
36 329.614204 591.728990 6
37 188.541627 980.809722 18
38 452.271699 47.711063 2
39 754.158734 948.861943 4
40 935.835086 255.416368 15
41 220.666756 659.691629 16
42 963.686510 45.492825 10
43 983.841720 30.869945 13
44 972.358900 349.786590 9
45 404.231003 661.426905 7
46 506.427147 544.565955 5
47 159.645044 340.242223 11
48 584.142671 825.085666 1
49 146.207653 395.643862 19
50 329.051163 342.425899 12
51 36.187434 605.883574 2
52 350.949240 68.803519 7
53 151.494695 313.558755 4
54 465.989055 788.488657 10
55 720.491700 46.598725 8
56 0.410247 891.490783 16
57 169.877388 764.160402 3
58 568.764162 762.971190 2
59 198.600313 527.229859 7
60 676.670223 733.761321 17
61 829.661114 885.180969 5
62 929.813276 130.320607 13
63 260.037805 283.709930 10
64 461.654713 856.748869 8
65 980.727267 333.009618 10
66 820.993728 892.368262 2
67 491.666781 81.833609 15
68 667.988874 592.490662 17
69 343.964532 890.337863 19
70 531.532531 42.889269 5
71 942.478313 874.383525 14
72 78.839840 409.101784 10
73 246.745854 324.477413 15
74 389.728062 130.897021 17
75 862.274646 676.585589 1
76 260.475692 351.203346 5
77 215.688748 263.126132 2
78 375.903924 189.354096 10
79 266.116718 403.981038 11
80 246.018132 469.371836 17
81 904.388210 237.472756 4
82 939.369604 216.339922 9
83 287.200356 458.604948 6
84 810.520423 844.305429 5
85 746.209605 143.005453 11
86 211.011423 211.963901 13
87 381.802063 3.135608 4
88 375.940118 469.818280 1
89 169.778802 441.067199 6
90 743.410950 670.326467 5
91 583.046311 888.770052 4
92 44.724470 625.981429 14
93 488.709671 960.387979 19
94 448.374201 776.377779 2
95 407.890046 299.294036 9
96 592.634726 97.016930 19
97 511.847116 902.307946 9
98 977.053505 181.931448 19
99 74.853596 491.475669 16
100 651.949971 839.278814 8
101 515.195464 430.639682 3
102 148.261659 62.016205 9
103 855.922751 775.954253 20
104 786.893597 384.562968 15
105 705.135094 329.318772 20
106 809.009603 147.659229 13
107 657.131655 341.784930 7
108 275.815815 115.097726 3
109 542.233282 304.757141 6
110 74.812676 478.515352 7
111 99.587620 528.158688 2
112 447.482277 695.531083 1
113 73.561514 656.755689 4
114 743.247755 330.048245 10
115 509.586280 661.299606 8
116 62.753806 800.163990 2
117 833.589826 418.580374 8
118 169.400512 556.001266 8
119 911.131518 665.082772 4
120 577.040860 809.706708 7
121 358.689958 993.985284 18
122 320.058972 131.518393 16
123 751.542624 659.008390 14
124 505.779856 47.125895 17
125 102.860197 914.638697 13
126 458.304574 482.084233 3
127 321.992199 358.438547 2
128 696.473003 4.544589 4
129 610.644174 411.511789 5
130 15.143066 683.807219 12
131 742.866766 240.661009 1
132 181.516897 83.920197 15
133 571.127667 542.084432 10
134 776.410556 231.684095 5
135 12.167412 83.334024 12
136 928.976999 330.933597 8
137 315.761602 936.787287 11
138 984.947345 592.596198 19
139 406.513930 54.903562 7
140 521.253698 328.621342 12
141 334.095636 23.467368 8
142 504.455572 409.909604 2
143 227.068631 476.115338 12
144 354.810573 155.645154 17
145 986.685053 347.722235 10
146 708.734736 731.409345 11
147 526.027521 50.411496 4
148 99.516367 241.833691 16
149 626.517697 908.533565 2
150 994.267473 179.685709 20
151 596.543641 560.453681 2
152 951.936091 319.137012 4
153 794.431704 609.854140 15
154 496.828610 164.308733 14
155 341.981975 748.310120 16
156 132.693047 217.660205 12
157 527.810322 32.947953 11
158 336.572583 224.831560 10
159 744.692203 271.779836 3
160 545.631089 608.388809 19
161 939.533625 834.222784 13
162 104.951601 849.132901 13
163 263.166897 976.927612 19
164 286.997483 662.778669 11
165 69.494402 262.978886 18
166 868.598271 59.365809 9
167 715.468913 131.774770 4
168 222.050835 147.381365 6
169 348.785102 818.907993 4
170 472.816880 699.093517 9
171 705.846869 177.709436 4
172 955.326675 948.363427 2
173 312.493997 465.916541 5
174 448.993104 949.863625 3
175 952.242215 757.156150 1
176 428.693329 136.149941 2
177 830.419619 862.277451 4
178 920.713369 13.178294 19
179 843.605094 612.933982 19
180 116.211618 532.004783 7
181 434.721506 814.971100 18
182 390.584583 852.841995 7
183 901.571821 410.597930 7
184 646.754987 602.607640 12
185 339.108767 277.926690 12
186 801.447284 18.820041 17
187 693.465908 759.975643 10
188 630.088817 407.699996 6
189 625.227772 579.316944 11
190 532.208705 949.514123 14
191 534.217071 729.801482 20
192 185.256689 709.306491 10
193 910.464125 125.806893 20
194 127.875125 197.656202 16
195 746.374932 906.128161 3
196 706.220094 344.437516 3
197 603.136429 672.635178 5
198 587.096417 339.414016 17
199 267.694232 873.000657 17
200 291.786888 733.252614 3
201 915.334463 604.792038 3
202 736.155645 706.971049 19
203 56.512915 988.387148 19
204 234.385742 661.918156 5
205 187.759487 215.598105 10
206 778.480117 274.991255 11
207 299.596906 148.041746 17
208 260.827690 618.700632 19
209 313.753617 362.703490 3
210 238.717152 566.359850 7
211 109.676878 108.355372 11
212 481.267260 122.698879 8
213 395.240670 941.544197 5
214 714.107557 749.126858 9
215 819.879885 351.194870 10
216 340.909685 482.254195 17
217 241.950674 387.414692 6
218 574.773915 381.005073 7
219 431.638259 207.769312 3
220 907.551813 404.343983 6
221 996.096686 635.752437 14
222 403.095074 736.037300 19
223 862.270403 120.339334 10
224 691.129446 413.984221 14
225 876.566546 858.603937 10
226 67.080666 815.824243 15
227 322.610561 700.460754 4
228 30.593087 532.440347 11
229 362.956737 472.510213 3
230 4.818460 436.332247 3
231 780.505844 198.588459 9
232 797.697478 30.388696 17
233 390.197332 272.373585 11
234 448.387052 960.009759 10
235 37.169310 782.707766 7
236 825.693475 267.583712 6
237 531.521693 755.298859 6
238 300.654153 594.298728 2
239 959.089216 889.222530 18
240 14.098023 137.654406 16
241 901.958139 746.320510 15
242 619.595446 77.426699 18
243 766.613657 884.193056 17
244 66.903884 739.387043 11
245 699.620943 791.709260 5
246 394.796929 562.592316 2
247 820.724168 634.365470 5
248 244.241448 81.646967 9
249 585.197709 599.365289 19
250 899.105980 138.176190 13
251 320.827036 148.333476 7
252 357.233396 193.918297 2
253 443.479035 215.388612 9
254 255.489414 190.229284 9
255 931.569139 420.270187 17
256 888.260212 379.796274 6
257 142.318814 494.453742 5
258 376.567386 129.280659 11
259 203.993491 534.539941 11
260 565.984719 63.269836 12
261 36.088050 981.346611 8
262 669.984977 973.243050 10
263 841.993725 345.306296 3
264 910.068542 961.867015 14
265 156.068202 656.777346 20
266 370.322387 330.281403 14
267 868.507394 33.902454 17
268 392.509700 500.091748 18
269 22.018800 399.349353 7
270 303.083164 745.299892 1
271 961.625446 390.095493 18
272 187.234534 918.372209 10
273 338.402904 108.344073 14
274 526.410090 423.161846 16
275 352.091186 3.684196 7
276 813.187709 189.033295 9
277 340.701815 353.790502 17
278 525.216383 711.597972 13
279 797.506890 987.419974 10
280 95.161320 624.704829 18
281 183.151147 33.057400 3
282 854.941029 239.882473 18
283 547.784444 99.742568 11
284 359.836190 42.962307 17
285 724.654003 555.511092 11
286 79.846120 868.257160 6
287 650.207011 817.549360 16
288 932.398327 649.151094 8
289 11.561073 760.984011 9
290 819.740932 939.856491 4
291 838.923719 603.100978 6
292 933.475897 649.885213 4
293 668.525889 274.956546 1
294 650.162623 928.121903 5
295 126.061543 783.707919 9
296 814.386947 250.286650 4
297 138.842588 651.810882 15
298 30.320426 831.331870 20
299 805.461510 549.352312 19
300 224.614062 380.279194 3
301 806.348003 596.269150 18
302 988.493432 175.395675 5
303 954.611344 73.237505 19
304 713.979479 186.096073 18
305 830.683697 332.677890 1
306 771.928912 650.975737 7
307 370.756476 930.180664 10
308 321.444225 154.019903 13
309 950.279693 470.840867 18
310 780.420980 32.049413 14
311 335.433223 722.673559 9
312 134.707654 33.682473 17
313 430.454628 671.641246 1
314 705.617229 64.502537 11
EOF
