# seed=2004
# generator_version=0.1.0
NAME : medium_moderate_b
CUSTOMERS : 900
DEPOTS : 28
VEHICLE_CAPACITY : 80
ROUTE_FIXED_COST : 30.00
DISTANCE_FORMAT : COORDS
DEPOT_SECTION
1 140.638755 160.162628 901.26 451 6
2 292.078518 149.808185 1067.19 1021 12
3 427.954171 164.731331 842.13 1188 14
4 586.444684 183.506370 1682.97 949 11
5 700.419869 169.741522 970.33 629 8
6 862.174369 161.769263 1668.96 483 6
7 158.459394 322.259858 1358.25 579 7
8 277.781441 337.847521 1680.08 545 7
9 437.770604 343.425212 1147.61 310 4
10 561.862973 323.206484 1831.86 436 5
11 713.394337 334.117646 939.08 560 7
12 855.534486 341.528606 1015.43 373 5
13 156.010679 503.356160 717.76 955 11
14 288.397523 504.964951 1702.37 440 5
15 423.794551 499.668660 2169.21 326 4
16 581.003848 505.566070 1068.86 626 8
17 715.489257 504.093160 1904.24 373 5
18 873.609104 516.997710 1849.11 338 4
19 139.151570 677.472973 1457.93 296 4
20 270.962520 647.998304 1833.96 188 3
21 415.704709 660.440827 1016.65 260 3
22 555.678327 660.752775 1065.86 848 10
23 698.978392 656.964435 1911.55 738 9
24 874.537717 650.872712 1259.77 1380 16
25 150.167754 841.004894 1969.38 433 5
26 274.150115 837.056563 1208.08 349 4
27 434.578013 827.063885 1523.67 303 4
28 566.140080 829.191850 1696.43 882 10
CUSTOMER_SECTION
29 114.547586 423.039604 24
30 196.749826 556.934272 22
31 570.299284 0.000000 11
32 454.328349 645.861755 13
33 901.023109 590.562756 6
34 566.769597 185.777202 11
35 218.769522 465.747710 3
36 456.625998 225.283771 19
37 449.878957 30.489724 1
38 513.811397 102.013964 16
39 477.424907 85.691942 5
40 630.252292 536.927963 10
41 550.780018 66.913477 17
42 82.083245 444.583732 11
43 585.930376 501.362613 4
44 616.201659 0.000000 7
45 620.461743 276.862889 3
46 777.790870 422.742447 19
47 353.781757 316.954318 7
48 96.050957 577.609649 9
49 669.734290 859.059991 16
50 555.614764 11.647969 1
51 573.917551 0.000000 6
52 583.885520 48.584462 18
53 726.282880 27.090246 16
54 640.410857 659.488271 12
55 583.072306 316.197280 10
56 619.546213 23.827124 16
57 575.650094 103.944406 20
58 511.921213 148.001498 2
59 539.339765 200.153704 14
60 536.124976 789.032335 23
61 124.633651 377.008295 16
62 727.573425 434.705829 3
63 645.146702 694.431470 18
64 432.724716 56.281952 20
65 623.704891 639.962282 5
66 161.283418 489.936550 9
67 327.089395 227.410846 15
68 585.124077 298.589143 16
69 123.876635 424.871719 8
70 610.296726 607.335828 13
71 619.787554 505.932225 4
72 426.309131 277.961027 13
73 614.076748 729.522789 12
74 679.616484 131.102789 1
75 719.522311 696.889226 21
76 622.482556 221.195223 16
77 562.016823 479.085258 3
78 272.798739 161.825354 12
79 337.180012 259.343140 22
80 166.211242 424.996376 4
81 394.656460 183.670929 18
82 719.601110 320.915075 16
83 489.653125 88.394327 24
84 598.898372 57.705886 11
85 440.353993 145.844009 6
86 535.321619 649.241981 3
87 284.987855 173.046473 18
88 574.656523 774.625459 9
89 131.121146 543.688277 7
90 914.067505 814.132578 1
91 707.041331 708.582239 7
92 541.570687 54.448448 1
93 590.736047 184.866268 1
94 578.915396 458.658917 14
95 387.842104 15.796755 24
96 613.839688 482.631252 24
97 770.592746 31.273031 23
98 648.569833 338.979144 5
99 791.479337 646.494710 8
100 715.644398 272.811175 9
101 450.283002 166.606601 25
102 503.575467 49.613798 8
103 387.684814 340.917002 12
104 498.302572 476.916237 19
105 380.696124 86.464003 9
106 428.927699 89.388451 3
107 838.617535 558.079561 10
108 806.073693 718.798182 6
109 445.095324 539.155838 3
110 612.229574 480.291487 23
111 239.911357 412.198373 4
112 567.239516 677.598327 4
113 382.582523 164.857666 21
114 338.488813 234.360053 8
115 566.505502 115.958215 15
116 271.478307 382.315488 3
117 135.299256 530.444511 10
118 544.428500 654.295316 19
119 218.637605 247.036650 14
120 678.255143 389.780362 18
121 610.866980 733.101889 17
122 267.251508 484.175180 17
123 612.070180 681.996020 20
124 218.992302 531.664072 16
125 907.782745 572.576853 25
126 681.603966 821.987231 10
127 894.798259 561.909893 8
128 949.253797 603.369371 14
129 542.329130 654.448719 2
130 631.924618 533.840829 10
131 310.974599 526.664561 9
132 353.242360 270.252684 20
133 575.285417 526.805124 19
134 475.739711 596.612604 17
135 658.330202 287.541843 1
136 733.725206 205.909771 7
137 623.437458 231.241025 9
138 662.339135 395.453504 2
139 102.045238 507.030678 25
140 682.604748 445.084540 15
141 676.087820 309.728501 14
142 551.963801 82.546372 24
143 639.140178 581.038792 8
144 652.128639 620.341514 10
145 295.101792 169.915247 16
146 214.566272 457.952332 8
147 355.211623 429.474397 6
148 31.761575 452.181445 1
149 541.834369 37.973899 4
150 223.718257 557.484046 2
151 57.881861 371.429659 1
152 635.871656 37.291806 1
153 622.143147 767.548229 22
154 969.786667 581.303936 4
155 674.525435 718.346740 7
156 654.605171 609.911481 16
157 662.176478 394.855860 5
158 664.098684 396.613878 1
159 373.137532 94.689357 6
160 506.580467 36.061391 11
161 138.931349 561.359536 23
162 858.720426 616.974498 7
163 646.032804 290.038645 8
164 590.451161 191.838172 22
165 194.158387 369.336775 23
166 99.996899 408.095515 25
167 419.664264 167.925816 16
168 552.245044 732.629106 8
169 467.548793 584.338961 2
170 555.512292 781.368236 7
171 205.354388 479.154441 10
172 635.721414 264.164914 4
173 212.175063 546.136278 9
174 763.648831 310.129584 3
175 402.769698 62.508341 17
176 645.602424 203.093850 25
177 691.961378 636.714097 21
178 540.983393 695.481732 13
179 508.447504 119.054803 3
180 584.475710 256.691248 21
181 321.502578 170.142867 19
182 451.488645 0.000000 12
183 479.188960 412.444711 22
184 594.303251 859.009430 25
185 802.735641 695.803056 3
186 389.006208 23.322661 14
187 418.579607 667.482382 7
188 88.822089 520.007371 25
189 662.154147 633.498637 11
190 258.923235 75.836619 22
191 846.761116 816.451150 4
192 1000.000000 650.603238 15
193 596.944923 577.811912 16
194 70.571119 429.572585 23
195 622.413709 205.908451 4
196 934.323070 839.893080 13
197 579.266798 832.752038 22
198 1000.000000 616.652142 22
199 675.153872 190.555997 4
200 175.279510 336.034438 16
201 404.882234 149.083930 18
202 616.479636 76.432879 20
203 638.601687 590.434369 3
204 200.475107 405.648232 24
205 621.328450 715.681950 2
206 542.173192 424.776711 6
207 637.913134 322.980958 23
208 753.003873 259.205603 1
209 567.715215 48.266488 11
210 354.470592 105.324064 9
211 357.571549 163.007014 9
212 562.769071 390.136595 1
213 292.951886 51.051724 25
214 554.456121 301.529945 25
215 521.530675 0.000000 2
216 299.395353 208.416383 9
217 298.823408 187.750088 3
218 590.807939 652.866764 20
219 444.356654 142.182940 3
220 557.072349 0.000000 3
221 555.538163 9.068712 5
222 628.492794 738.255607 10
223 284.544123 149.086739 21
224 1000.000000 842.970795 12
225 695.814452 191.574896 21
226 468.920465 15.747532 8
227 661.752219 56.134059 13
228 130.731943 336.602622 24
229 485.887362 218.630876 2
230 704.071372 40.990044 12
231 768.346035 242.844141 21
232 885.276670 552.391203 3
233 914.776477 769.179224 8
234 798.696984 749.191860 1
235 644.981893 681.530843 10
236 637.011011 693.923624 5
237 327.319427 232.756961 5
238 804.042729 668.048534 6
239 494.258415 518.147042 21
240 313.420597 179.771903 20
241 628.539250 601.044735 10
242 649.705883 366.300136 7
243 358.842754 95.654059 7
244 878.289031 625.425111 20
245 722.925835 258.092463 1
246 561.822927 316.358667 2
247 1000.000000 602.054201 24
248 645.709417 701.857683 7
249 721.912648 290.264370 19
250 592.243538 576.696091 4
251 624.125894 0.000000 17
252 631.261716 814.367435 21
253 649.512663 152.131300 17
254 764.667939 304.738541 7
255 716.434480 556.102421 15
256 639.156283 300.325779 3
257 710.829767 568.934623 21
258 374.646243 271.979256 9
259 218.334842 165.403366 12
260 533.326762 70.930982 13
261 344.993937 170.703746 23
262 594.838738 680.114446 17
263 643.428299 237.832798 17
264 465.973930 92.176083 4
265 510.208875 27.759264 24
266 153.215906 403.126865 23
267 680.967564 390.269764 15
268 544.113448 175.577453 12
269 563.047219 114.112968 25
270 638.790075 103.951607 22
271 568.871299 750.599334 17
272 580.298568 662.137893 15
273 341.857519 434.241823 23
274 831.246617 717.282440 11
275 914.083818 702.715603 21
276 537.689359 167.107544 9
277 869.891111 651.074285 3
278 319.185085 200.470048 23
279 636.595423 586.988432 9
280 732.419397 780.035545 17
281 248.201488 86.154808 17
282 450.373188 77.691888 4
283 514.747036 722.427773 6
284 544.736741 356.215411 12
285 642.569068 320.794501 5
286 239.088670 462.860626 12
287 839.191845 708.675370 23
288 969.798837 612.503793 12
289 947.859209 594.102754 23
290 649.138054 559.540444 7
291 233.599480 553.110549 13
292 457.368370 91.233780 1
293 352.734055 227.865353 25
294 495.757723 265.972025 3
295 563.968419 74.875758 14
296 520.951621 626.212434 24
297 666.605995 0.000000 11
298 679.054174 307.982574 1
299 484.230825 199.325774 16
300 538.403042 636.846964 17
301 947.174970 496.180636 1
302 318.589079 219.912969 13
303 457.729355 122.844932 3
304 167.022642 288.696202 17
305 689.702262 658.916426 23
306 460.438282 0.000000 18
307 671.611283 332.096756 16
308 197.625322 335.902743 20
309 641.660393 237.879320 20
310 345.459976 175.150884 5
311 259.680953 522.793151 20
312 481.931325 199.699827 25
313 221.109958 436.569019 15
314 514.232685 304.377391 2
315 660.063577 32.046365 6
316 311.789744 427.771098 10
317 558.382879 830.606954 10
318 870.652413 665.579118 7
319 802.394067 560.372242 24
320 511.646198 694.192991 7
321 429.630041 255.705392 3
322 568.102622 501.642924 19
323 543.215881 110.185851 14
324 556.257584 724.946094 11
325 947.673183 591.615912 18
326 517.699453 600.633422 11
327 521.234947 509.225351 21
328 570.625333 63.557983 4
329 295.606127 428.205350 7
330 652.002925 267.540026 4
331 545.686431 36.744289 10
332 531.515108 666.631410 2
333 63.322830 385.247867 18
334 428.685678 0.000000 21
335 646.056910 527.750087 16
336 910.926389 700.491326 15
337 717.015731 507.684292 22
338 170.050111 586.848297 11
339 564.573481 710.642002 14
340 765.753795 587.272328 25
341 977.912041 665.210493 10
342 537.056609 534.187133 22
343 688.520031 159.967012 15
344 982.594482 705.451110 8
345 357.008375 130.089407 25
346 600.456956 710.407587 12
347 672.844173 121.030378 13
348 541.611454 718.216397 20
349 184.439568 498.893183 7
350 550.267612 397.026550 3
351 726.359646 0.000000 23
352 576.439192 648.725744 22
353 324.328386 180.647472 24
354 566.854184 641.077132 10
355 715.923280 357.443572 16
356 582.398242 53.515067 5
357 557.375298 593.873023 2
358 511.561474 539.871426 9
359 401.225397 110.087799 7
360 960.663627 616.269023 2
361 623.312392 515.341794 16
362 617.733322 816.730479 11
363 663.813689 722.137878 9
364 587.355205 231.122887 23
365 902.505635 540.359782 2
366 619.872258 828.108471 1
367 1000.000000 508.274873 3
368 484.293369 557.397722 23
369 687.208913 0.000000 17
370 218.319857 369.274535 17
371 586.601852 299.759073 22
372 465.585308 362.822272 20
373 518.873519 584.694765 19
374 586.973195 565.452220 9
375 649.149256 621.952052 13
376 544.551557 535.373120 18
377 543.016237 586.243119 24
378 287.246967 365.299641 24
379 235.793283 230.197716 3
380 542.422319 595.028470 2
381 800.066104 191.316520 16
382 489.695612 709.111946 18
383 947.653792 718.697867 1
384 164.750864 433.569272 8
385 894.236614 551.630386 21
386 938.726494 716.686137 24
387 630.929205 367.170434 5
388 543.755214 585.154747 19
389 675.843404 277.405893 7
390 523.593688 37.429725 10
391 273.380207 125.064117 23
392 531.422465 247.915764 23
393 206.247320 444.822820 8
394 246.508942 452.544646 1
395 1000.000000 607.945735 20
396 729.634255 585.201245 9
397 101.708621 319.157492 18
398 463.965896 195.911742 23
399 458.829264 160.955217 19
400 578.923091 739.733630 12
401 741.350920 780.173632 21
402 641.603385 290.641113 14
403 477.504214 18.186216 20
404 572.693770 589.310113 1
405 697.550503 272.346396 22
406 207.398782 584.599521 24
407 595.280553 548.974682 20
408 539.757187 0.000000 14
409 641.024592 749.020252 4
410 528.157270 747.304172 5
411 437.034201 328.145547 1
412 565.943814 773.777576 3
413 1000.000000 588.951309 8
414 143.422105 492.988897 5
415 621.914414 295.278012 15
416 676.467432 586.801883 3
417 248.589536 362.475910 1
418 238.715288 480.033872 16
419 522.708742 369.752199 9
420 488.982698 208.625608 18
421 343.099299 125.376872 22
422 141.905217 394.999993 3
423 168.116220 447.168722 19
424 952.569900 631.338716 2
425 382.446353 101.470142 23
426 671.387164 317.356098 5
427 195.226821 368.386388 9
428 600.702435 205.382800 12
429 612.085888 596.558634 20
430 117.027844 457.186933 17
431 474.639787 615.272943 12
432 637.402341 586.590155 3
433 643.551899 645.336609 20
434 124.069321 389.184072 11
435 625.107126 869.938471 13
436 482.448523 345.006015 12
437 490.377166 619.655746 8
438 1000.000000 620.053736 13
439 524.861991 682.795482 5
440 270.323699 471.441845 24
441 333.663318 8.017176 23
442 637.284781 236.870092 5
443 725.389386 180.436268 25
444 653.339407 811.867368 17
445 762.022613 656.996749 7
446 166.191117 435.335987 3
447 836.979627 195.667215 19
448 692.990966 111.598765 1
449 519.001451 661.001741 4
450 293.559467 371.831123 25
451 598.425549 78.328344 10
452 0.000000 295.636422 15
453 550.268709 199.034030 5
454 689.990527 512.840701 24
455 595.143572 299.072671 4
456 885.088454 705.204306 21
457 781.966869 225.701068 1
458 618.127956 643.049921 5
459 819.567092 574.900393 5
460 515.182595 680.029775 7
461 652.869963 256.702816 6
462 562.150493 539.168195 25
463 16.074814 460.053909 19
464 699.333487 252.903818 9
465 188.975048 357.048450 20
466 347.955147 47.917735 24
467 224.031500 422.877048 11
468 208.092286 540.503776 7
469 527.634606 212.748345 2
470 948.935137 762.273829 4
471 391.206610 76.813947 8
472 433.081322 36.424534 9
473 658.295404 270.380862 18
474 926.243763 520.139463 3
475 372.807457 287.320851 6
476 460.184792 520.125833 16
477 180.516424 450.053372 22
478 602.007530 618.858388 11
479 641.186074 283.656756 6
480 596.890691 509.856230 4
481 180.914419 19.421820 7
482 442.073909 666.726740 13
483 561.665472 757.875433 9
484 412.897717 168.645380 25
485 621.068157 820.145444 7
486 521.578702 894.120511 18
487 534.682207 106.117849 20
488 186.862230 481.102845 25
489 262.021739 357.945953 19
490 305.377497 330.093064 17
491 342.167656 284.396264 13
492 563.304513 618.937359 16
493 207.613416 606.474938 8
494 875.423333 273.838947 24
495 284.844609 919.976686 22
496 520.492938 197.170505 18
497 976.528732 763.336392 19
498 249.962273 897.329942 14
499 903.176480 363.033781 5
500 788.129053 337.394852 1
501 439.956445 571.336500 11
502 780.730527 839.794692 9
503 177.001201 93.774163 1
504 665.027705 16.656696 14
505 890.207480 667.590297 11
506 458.833269 677.827960 23
507 185.257529 341.985007 24
508 906.813872 93.794694 10
509 42.606886 471.881653 4
510 656.363800 227.267475 19
511 784.683649 926.706527 4
512 514.483183 496.821459 18
513 404.839057 386.331174 3
514 877.992217 53.789043 20
515 788.692641 439.630333 5
516 309.693851 592.106989 19
517 271.356183 950.819198 2
518 11.067707 900.922338 15
519 634.938467 494.453439 12
520 964.119502 82.822892 15
521 955.851285 413.606247 24
522 78.007185 658.978974 17
523 638.755426 35.876046 2
524 166.514481 602.729126 21
525 233.189765 132.561191 8
526 18.947247 134.241449 11
527 703.653310 540.443165 15
528 929.326502 237.050599 22
529 772.523457 109.426441 8
530 59.945066 499.837259 1
531 294.218224 469.018494 8
532 797.604379 713.863716 18
533 883.685222 809.949556 7
534 937.721564 2.125971 22
535 279.885220 973.450351 14
536 977.944049 177.444549 1
537 213.805743 10.211381 9
538 17.338923 76.564403 13
539 518.656308 429.894766 18
540 879.803826 246.564775 13
541 739.367614 727.792929 3
542 563.620229 582.907522 1
543 124.165515 134.567411 13
544 303.282034 125.563898 12
545 171.482196 463.221460 19
546 156.755681 801.013732 23
547 353.703337 952.322864 16
548 140.434618 495.921278 1
549 331.800339 597.671816 3
550 552.994107 347.845553 12
551 279.584719 551.850469 12
552 359.306958 215.269324 20
553 125.282402 746.714269 9
554 304.913027 390.909169 25
555 781.468196 765.893212 21
556 741.581122 407.498571 1
557 186.773470 490.759385 4
558 500.934148 66.591290 24
559 486.199416 747.653154 21
560 915.237412 302.622683 21
561 482.952300 306.423309 8
562 854.782803 752.917877 20
563 849.844830 818.834931 2
564 511.794836 739.393426 23
565 234.759188 827.572475 10
566 404.451066 372.117559 23
567 384.641670 900.360647 22
568 374.838257 806.074261 6
569 384.207540 549.039622 24
570 52.423912 710.079506 24
571 681.015737 495.907989 16
572 184.852391 244.969533 7
573 899.808382 785.530437 18
574 992.916839 544.255578 3
575 27.092750 247.342000 16
576 719.447972 618.645821 10
577 264.801418 219.643558 5
578 972.179949 732.821548 21
579 321.281234 93.131572 16
580 83.428333 192.356968 9
581 413.589278 55.966235 22
582 259.709157 556.447628 2
583 270.447877 20.134887 12
584 323.264197 158.577401 24
585 205.892495 804.241305 7
586 802.404649 427.116896 9
587 804.842029 36.764507 5
588 515.539176 548.174917 6
589 667.393833 640.071807 18
590 432.018475 730.736101 8
591 798.695966 200.503998 10
592 169.806233 441.871146 19
593 989.967516 831.040466 6
594 609.706476 520.408954 3
595 466.977292 758.558519 23
596 842.129607 267.357409 25
597 6.873007 997.479958 24
598 57.291942 30.299945 9
599 824.579496 414.984547 12
600 792.471706 819.961344 2
601 889.229001 455.566507 2
602 117.465427 441.805675 13
603 838.845177 755.685420 10
604 808.851432 920.285107 24
605 908.443959 556.130966 23
606 624.368468 790.321111 15
607 631.752889 968.354929 20
608 398.858438 492.723957 10
609 467.272126 33.792600 7
610 960.576321 332.244242 23
611 215.705158 53.361860 19
612 70.690979 869.131404 10
613 286.809852 159.318682 2
614 745.981770 971.877137 24
615 410.801673 833.066560 25
616 697.900582 721.468027 9
617 382.527464 839.098524 22
618 92.830584 745.039044 16
619 806.220157 176.936449 3
620 96.324667 777.358592 8
621 897.797594 357.280898 21
622 203.420422 268.350679 22
623 552.925608 622.176851 1
624 519.743083 671.973117 6
625 751.790352 355.651311 22
626 117.755789 785.629257 4
627 513.981138 436.389198 19
628 172.304948 137.732413 6
629 639.924269 902.686358 23
630 369.297188 26.049899 3
631 947.566777 460.946170 7
632 604.539381 121.437080 13
633 752.334116 581.871106 10
634 815.140953 903.339176 3
635 266.239745 718.224209 25
636 61.176442 625.065156 16
637 562.802694 122.645141 13
638 238.946435 635.583515 1
639 457.026449 820.415635 23
640 30.288117 472.832323 18
641 884.257279 777.687430 13
642 302.272077 173.399210 18
643 317.583627 386.693095 21
644 900.198557 948.326431 25
645 245.263408 498.379712 22
646 116.065469 664.061849 7
647 859.212387 916.265481 6
648 519.129368 320.211061 23
649 445.041851 66.926313 10
650 168.746722 969.333473 22
651 238.610405 54.768814 11
652 892.983884 794.464935 6
653 250.420731 458.870115 25
654 740.416324 243.471556 25
655 730.409781 274.040244 21
656 369.467204 298.523376 20
657 138.144537 868.202955 8
658 703.563604 906.321504 10
659 857.970236 76.898683 6
660 820.846529 890.248978 13
661 471.013972 142.768866 1
662 611.951139 133.851629 10
663 273.651730 904.392516 8
664 85.560182 948.486484 7
665 271.339844 378.909905 25
666 471.165168 742.681360 5
667 510.146145 78.879789 16
668 223.279634 864.488329 6
669 824.414103 74.387373 4
670 648.971886 902.313085 21
671 806.185587 653.224529 22
672 27.869869 600.532550 4
673 295.426150 322.391010 13
674 83.792682 435.804637 10
675 880.105931 737.762489 6
676 457.025487 749.374499 3
677 716.605729 585.371946 14
678 185.219178 993.087883 12
679 266.424343 74.207146 7
680 129.021296 950.253424 17
681 924.249204 909.435390 17
682 653.574890 608.711163 17
683 738.261984 657.178425 16
684 33.285483 563.751949 11
685 966.654405 267.747564 4
686 498.372322 850.706385 9
687 262.462516 416.152961 17
688 793.720408 867.631105 5
689 203.306951 677.046651 5
690 950.597801 631.251858 20
691 573.050811 386.171588 2
692 568.352125 1.058657 14
693 597.506215 677.098927 1
694 578.819065 659.879570 13
695 762.746599 192.929373 14
696 151.654488 337.633417 14
697 6.380950 714.928455 22
698 841.719004 659.681943 25
699 465.896929 765.100954 8
700 334.238652 919.718313 21
701 281.568479 447.715791 16
702 514.270072 64.368051 14
703 570.231172 697.855352 9
704 933.749584 953.039962 25
705 729.479872 10.742408 19
706 395.154672 340.439240 17
707 436.191148 255.223177 3
708 925.429234 872.167098 20
709 971.899317 595.856231 9
710 90.939272 148.466688 19
711 703.665562 469.677821 21
712 46.063443 139.526756 22
713 588.377737 800.454665 21
714 179.578964 782.293281 21
715 506.407527 553.863805 4
716 173.903616 684.616853 13
717 912.902850 205.875652 3
718 260.386061 230.632684 2
719 660.906714 478.336203 10
720 270.667735 513.438463 2
721 153.533387 554.039561 8
722 164.420642 464.353133 12
723 22.228736 37.801690 18
724 415.850418 661.633435 16
725 773.323589 352.882646 22
726 165.462907 870.014727 19
727 870.919004 7.233149 8
728 554.344477 803.821108 15
729 337.724906 473.946641 4
730 166.402231 530.343013 2
731 945.625170 78.875763 23
732 36.093485 800.229035 20
733 937.092906 459.184522 10
734 451.807925 304.796615 4
735 384.693877 937.465444 15
736 430.015515 954.953959 18
737 240.147855 694.169710 10
738 486.738796 137.409456 24
739 267.297838 20.531600 10
740 993.755949 844.283124 11
741 989.121427 605.099930 10
742 454.482120 426.182223 25
743 550.337642 608.543025 10
744 603.745407 361.747147 1
745 670.073264 742.199939 13
746 396.592791 562.094836 18
747 742.183779 360.846539 6
748 519.996078 389.533660 25
749 249.674954 180.152607 10
750 689.328270 217.680872 19
751 816.912917 117.109793 24
752 949.090666 985.779496 4
753 897.296992 940.676482 2
754 643.375448 362.904130 12
755 138.154983 484.808873 12
756 191.415220 628.830497 4
757 403.415922 406.656681 11
758 861.759200 383.355075 19
759 261.487694 498.643126 1
760 360.191139 87.411436 9
761 88.759510 20.482301 15
762 315.684276 247.812329 24
763 958.571162 686.585803 5
764 490.654499 199.387546 5
765 850.326036 161.291652 4
766 435.538246 813.919100 5
767 667.668660 596.631190 9
768 738.834717 386.610943 10
769 273.509445 978.025240 24
770 48.975219 101.760813 13
771 772.437183 200.606076 9
772 347.843194 298.725861 14
773 157.629547 976.238814 6
774 390.030292 143.066876 18
775 896.440670 320.121763 4
776 263.693120 569.669497 23
777 526.883654 902.586801 24
778 660.946240 132.708519 1
779 987.826414 6.035896 20
780 736.227644 854.129018 1
781 174.533532 421.183637 2
782 710.174438 300.219573 16
783 566.873850 874.958168 12
784 858.268380 149.106412 14
785 96.006470 801.171221 8
786 13.060753 454.802335 24
787 993.718161 735.642568 7
788 699.340040 492.085371 10
789 335.543702 528.216848 13
790 100.060114 390.130427 6
791 964.817507 536.520092 1
792 998.723564 638.240714 17
793 675.094047 915.970842 19
794 152.765397 771.215486 14
795 801.830255 258.664495 14
796 217.014358 822.737049 24
797 328.372306 79.466688 7
798 472.949567 429.962335 25
799 519.930336 588.668402 4
800 59.009239 1.244089 21
801 87.745721 57.181184 23
802 435.611820 459.345301 23
803 238.915219 655.949992 1
804 987.138341 458.932934 21
805 861.310294 179.475363 21
806 441.413704 331.666013 25
807 140.117898 241.738012 24
808 75.939073 379.973322 12
809 117.295672 845.425344 13
810 326.792821 789.848567 19
811 285.966430 801.677767 24
812 740.141556 876.989317 6
813 774.862141 874.717480 8
814 842.741574 749.362640 1
815 184.280556 173.771004 7
816 170.191208 479.432800 25
817 628.436895 684.887218 12
818 903.055077 629.793601 2
819 575.853846 305.488735 21
820 454.528017 958.471186 7
821 660.638109 150.471901 14
822 767.996331 614.230319 16
823 320.420335 524.231399 15
824 138.012013 988.571312 5
825 54.251752 366.906925 13
826 489.845759 553.564982 4
827 226.324857 304.777027 25
828 701.596460 479.348040 9
829 982.552844 504.816706 18
830 289.730794 767.156732 24
831 419.710503 150.544871 3
832 62.893533 946.463343 1
833 791.781772 474.003311 14
834 777.436902 186.669997 4
835 319.850926 710.052338 10
836 772.941721 866.424466 23
837 159.077776 546.548105 12
838 398.298014 28.763284 15
839 890.791586 461.383878 22
840 250.023667 769.360585 5
841 767.527369 66.893141 5
842 686.984383 912.236041 18
843 928.226253 759.773714 5
844 582.564188 49.146593 12
845 430.076031 115.804753 5
846 381.325964 591.503608 22
847 102.556187 891.332279 5
848 507.895236 121.652036 6
849 659.255171 285.474165 8
850 646.534144 842.410370 10
851 232.111784 509.685928 11
852 885.991107 393.485379 7
853 790.084316 94.098130 11
854 154.800199 107.336471 16
855 950.161520 755.235068 19
856 583.432753 577.797147 10
857 246.413536 106.687686 4
858 971.693808 159.414413 9
859 774.113940 525.888431 23
860 212.812597 469.530400 20
861 530.255572 926.379814 22
862 861.614694 588.820632 8
863 841.614379 510.525533 3
864 572.206508 117.387499 20
865 116.662103 578.259705 3
866 309.942579 312.465659 14
867 533.442386 406.222128 19
868 186.439838 29.536805 23
869 412.965202 604.197104 15
870 854.191727 795.033633 11
871 104.971804 533.792300 17
872 581.101127 161.018946 22
873 297.006557 996.169648 3
874 174.122662 411.297892 10
875 508.891876 645.922852 16
876 867.423071 694.634862 5
877 359.054261 153.921430 2
878 448.068229 708.374146 19
879 408.302952 179.014075 6
880 979.707696 415.143255 25
881 701.737402 763.754942 16
882 918.668479 405.285093 1
883 864.070527 474.820817 3
884 149.945296 130.860596 20
885 666.854711 904.141517 20
886 269.486419 641.653165 15
887 993.390727 262.758158 9
888 383.575187 745.449920 15
889 864.619584 763.261335 7
890 740.111080 413.245083 13
891 264.340949 223.977645 12
892 321.871903 655.798644 15
893 32.649906 960.945117 4
894 984.723795 890.143351 3
895 28.890970 121.433601 9
896 314.443547 155.550877 21
897 964.281804 730.035733 3
898 233.402576 792.098362 3
899 877.316115 877.182648 10
900 888.559685 652.508395 25
901 268.870469 784.958570 5
902 892.247312 210.202038 19
903 144.386283 915.808597 22
904 820.348393 881.109042 25
905 770.818558 804.989887 8
906 176.279961 550.078941 14
907 983.202720 875.706990 17
908 454.942450 38.275546 7
909 487.247187 422.247542 5
910 909.258497 955.983318 11
911 875.329545 278.510389 13
912 116.318064 669.571435 20
913 352.637937 367.587301 20
914 149.272109 527.584078 4
915 0.227687 767.717778 8
916 659.215533 641.478030 2
917 898.967879 487.995359 2
918 269.456166 128.190677 20
919 340.986115 106.244742 16
920 542.051020 921.028405 6
921 19.004315 833.939218 8
922 427.596247 24.726342 20
923 409.393900 240.255370 4
924 925.236138 556.819133 12
925 592.519648 523.088854 24
926 40.452365 664.105916 21
927 794.654849 248.328013 16
928 724.940851 468.258295 2
EOF
