# seed=1005
# generator_version=0.1.0
NAME : small_moderate_c
CUSTOMERS : 450
DEPOTS : 18
VEHICLE_CAPACITY : 60
ROUTE_FIXED_COST : 30.00
DISTANCE_FORMAT : COORDS
DEPOT_SECTION
1 58.132260 874.575656 1319.70 464 7
2 326.534410 632.150458 1526.74 296 5
3 863.296176 925.892797 1156.45 481 8
4 175.002651 515.738019 1597.85 375 6
5 707.584874 290.478706 1297.08 187 3
6 1000.000000 219.432506 1658.99 457 7
7 0.000000 941.930528 1738.97 421 7
8 360.181896 667.640823 1207.39 282 5
9 843.880861 976.865531 904.26 331 5
10 107.971654 513.088998 938.97 252 4
11 764.845914 273.914118 974.28 388 6
12 951.257925 216.769820 1362.57 159 3
13 0.000000 879.667445 1567.61 50 1
14 293.174231 551.887950 1609.42 438 7
15 849.285691 1000.000000 1607.04 519 8
16 143.006418 456.498386 954.49 294 5
17 708.261394 408.997847 1015.33 295 5
18 915.414526 199.500229 732.57 612 10
CUSTOMER_SECTION
19 193.784403 477.840078 1
20 808.337758 291.751311 9
21 838.161776 241.272901 13
22 849.978871 1000.000000 11
23 835.287615 107.447569 2
24 856.739173 1000.000000 3
25 847.141166 338.573238 2
26 874.965119 236.197746 7
27 85.612640 969.078068 2
28 705.005701 500.588282 9
29 175.103242 519.815144 17
30 321.404427 758.543680 11
31 924.039540 187.928761 15
32 757.574513 258.523748 10
33 279.976017 486.397153 1
34 731.463487 295.437360 8
35 125.224658 875.477153 4
36 40.035672 450.258025 18
37 702.078336 890.424700 15
38 35.410160 872.410882 13
39 815.518784 936.334386 7
40 916.629102 97.782820 13
41 829.119493 378.648330 11
42 602.014491 304.425312 5
43 200.776196 995.403792 17
44 126.839833 1000.000000 14
45 847.197340 1000.000000 17
46 1000.000000 172.456650 11
47 192.216910 435.500303 5
48 355.555271 477.138350 5
49 154.175030 613.049875 19
50 664.077612 1000.000000 2
51 793.821845 906.838521 3
52 986.816071 140.115736 4
53 145.505913 417.462481 3
54 276.039161 703.901954 18
55 1000.000000 256.856810 16
56 881.932787 89.616796 6
57 165.777633 522.748597 15
58 805.836040 891.104126 7
59 28.389763 745.852346 10
60 0.000000 411.815675 20
61 857.515463 71.757076 3
62 837.726838 1000.000000 14
63 824.456375 970.804210 9
64 160.493679 564.639921 6
65 656.873251 377.930247 12
66 698.584140 371.742458 8
67 774.760456 981.070260 10
68 166.953235 908.945339 2
69 824.617608 1000.000000 5
70 680.378705 1000.000000 19
71 422.694368 690.473771 17
72 691.374200 228.213133 15
73 912.513662 135.575725 15
74 814.171450 382.008070 2
75 907.688610 1000.000000 7
76 12.071845 972.362865 18
77 134.963612 898.814487 4
78 92.282430 823.581176 10
79 57.704803 995.084781 19
80 777.481931 1000.000000 8
81 59.787150 541.445575 3
82 301.788661 803.368296 1
83 648.760785 490.369985 11
84 1000.000000 138.615393 3
85 911.401451 894.508500 11
86 809.066215 1000.000000 20
87 237.661022 710.606453 7
88 411.436590 681.098526 10
89 756.869084 295.292366 12
90 153.541392 677.120684 1
91 985.316192 93.481722 5
92 200.159420 518.715624 4
93 945.920764 851.814776 3
94 651.071163 280.448091 1
95 688.754106 1000.000000 10
96 807.261540 807.844788 16
97 99.258614 943.909903 5
98 199.581043 764.606992 4
99 983.648305 174.641368 12
100 926.833069 920.386401 1
101 865.215661 957.707959 14
102 82.795956 910.211846 17
103 622.082009 271.308059 19
104 0.000000 883.072020 12
105 868.799169 148.664102 14
106 866.970760 1000.000000 18
107 945.406517 77.581196 12
108 992.698253 991.486053 11
109 1000.000000 86.060932 1
110 25.180079 447.959089 10
111 249.265785 575.478377 12
112 228.275983 676.778361 19
113 1.999796 1000.000000 14
114 955.948687 152.000874 19
115 939.097024 905.526520 10
116 869.134674 228.772998 17
117 717.291383 478.777083 15
118 1000.000000 203.185755 12
119 821.912379 970.460449 3
120 392.344467 571.343580 11
121 989.137808 165.504308 16
122 274.090309 981.019249 4
123 857.964440 195.429009 2
124 97.241399 459.225556 12
125 88.064800 854.719404 8
126 0.000000 599.851418 16
127 909.226863 57.407262 6
128 874.267812 200.867516 20
129 781.329887 450.173975 20
130 192.134156 630.248145 14
131 154.795777 1000.000000 11
132 319.140992 639.527836 19
133 703.934765 169.909566 5
134 277.319694 501.932758 20
135 324.477483 694.081531 6
136 984.212169 949.753616 11
137 284.322132 587.622021 2
138 155.659837 626.580867 4
139 940.717015 201.755519 17
140 701.654039 370.746400 15
141 31.709479 1000.000000 7
142 225.018281 593.566763 7
143 751.935087 919.281320 20
144 835.773490 968.723882 12
145 131.733968 791.932211 4
146 183.407155 450.649081 16
147 219.556513 606.806406 18
148 116.373694 1000.000000 13
149 19.612576 535.285447 4
150 0.000000 939.192150 13
151 997.225030 287.972160 20
152 134.400864 863.505256 2
153 141.486532 581.078789 6
154 937.730402 131.738371 20
155 910.556845 125.345795 10
156 821.454101 362.744707 9
157 874.648526 153.260220 4
158 405.804606 547.654950 20
159 299.081761 540.564180 1
160 138.295984 590.942946 18
161 213.757461 426.686731 6
162 786.301049 999.194347 7
163 286.888330 667.247881 4
164 357.300839 645.540739 17
165 212.545384 477.884777 7
166 142.330554 978.143151 1
167 829.664433 1000.000000 3
168 823.802396 1000.000000 4
169 92.412698 849.575410 2
170 832.535518 258.695982 13
171 152.787940 465.291022 5
172 739.193199 354.855985 12
173 817.202722 244.121415 11
174 81.233077 1000.000000 9
175 360.170124 724.213351 20
176 161.585977 537.333497 19
177 1000.000000 247.928079 19
178 965.798480 114.215480 18
179 78.927122 570.152071 15
180 762.434157 303.773738 13
181 233.956527 574.519249 17
182 1000.000000 915.610246 6
183 671.558800 254.572840 14
184 241.425432 773.013374 1
185 243.556217 663.421920 2
186 374.475885 683.995642 6
187 175.005310 494.521592 11
188 32.607045 1000.000000 20
189 796.171957 937.508002 20
190 263.195229 774.063481 18
191 357.425210 689.895344 5
192 166.337418 652.807964 13
193 277.327120 569.949390 10
194 901.985831 87.570290 10
195 861.525177 879.854362 5
196 985.537139 1000.000000 20
197 192.628039 702.083399 17
198 995.238354 354.397450 3
199 747.837472 239.509214 19
200 0.000000 864.394328 19
201 1000.000000 219.578088 19
202 112.081262 945.155708 6
203 885.848613 151.877268 14
204 239.926533 532.813160 15
205 1000.000000 241.694007 17
206 768.207245 263.018890 4
207 254.808434 586.544171 19
208 75.131688 861.268983 12
209 842.866889 324.647536 2
210 844.248383 66.018872 6
211 161.565050 949.137711 2
212 193.646444 882.581668 4
213 816.739061 185.267323 15
214 662.040424 395.221793 3
215 203.580860 1000.000000 13
216 845.677112 1000.000000 11
217 889.573888 218.622218 9
218 934.240904 884.220143 8
219 113.552544 412.139477 10
220 188.504462 928.218395 3
221 1000.000000 352.184688 18
222 874.817754 1000.000000 9
223 48.947127 979.725940 12
224 797.678415 290.127995 18
225 938.708803 311.623447 7
226 723.132496 300.637636 18
227 870.546628 242.863866 5
228 14.686674 923.675045 20
229 208.662111 567.109281 20
230 203.094244 988.096940 8
231 987.788635 1000.000000 6
232 881.211902 185.529967 12
233 871.518298 896.281873 11
234 48.538505 585.904481 6
235 255.434045 620.698351 4
236 107.066120 503.730347 13
237 154.443504 433.300619 12
238 833.253519 115.698619 18
239 778.594145 434.726016 17
240 20.048566 476.996459 1
241 142.581088 931.610400 1
242 767.575906 330.033870 9
243 715.888230 257.364490 17
244 822.131505 369.000830 9
245 745.302407 80.944696 18
246 784.629990 310.214889 1
247 233.526831 773.463989 6
248 185.871091 990.893034 1
249 895.879265 905.008168 20
250 283.965114 557.543521 20
251 909.123854 442.150939 5
252 559.041363 356.962700 1
253 904.730369 921.157029 14
254 739.811051 843.638541 2
255 386.602707 648.293776 4
256 286.851579 626.373265 13
257 225.069072 605.608037 20
258 140.582968 567.479609 12
259 855.764450 964.508882 11
260 892.568187 187.246118 5
261 420.737537 601.735718 14
262 131.742449 516.753994 1
263 146.166392 987.821574 11
264 667.231285 416.215628 2
265 848.503790 305.747746 1
266 1000.000000 81.474920 20
267 64.714498 298.900752 3
268 185.224988 953.354799 11
269 567.158027 481.549934 5
270 628.172293 262.568821 4
271 793.145306 1000.000000 2
272 246.146573 436.425787 15
273 927.483999 889.673429 4
274 865.052760 920.419681 17
275 740.784127 286.567470 1
276 81.252444 559.173502 2
277 876.792743 2.639182 8
278 967.029161 70.848629 9
279 958.192210 211.463023 14
280 823.022575 244.519192 16
281 883.909037 1000.000000 9
282 101.879389 1000.000000 16
283 118.590728 479.449433 5
284 761.655888 270.024821 8
285 711.226686 1000.000000 2
286 298.653906 808.872859 19
287 881.015980 1000.000000 14
288 833.209083 252.249744 4
289 786.926927 244.540166 15
290 971.645083 129.564124 18
291 726.554813 313.615918 7
292 210.636102 728.619920 3
293 773.022937 436.897892 5
294 884.071673 1000.000000 9
295 944.912836 1000.000000 6
296 770.627466 990.089581 14
297 732.851797 151.607218 3
298 164.727293 453.082462 4
299 363.299580 614.896775 12
300 33.094034 560.942604 9
301 797.274114 909.609486 5
302 0.000000 1000.000000 1
303 297.005601 635.769864 19
304 973.825527 243.229496 17
305 135.349938 920.898101 5
306 263.799785 456.885559 16
307 659.366017 511.732331 6
308 346.456410 643.785531 6
309 892.001094 985.027147 7
310 749.832768 1000.000000 9
311 928.452075 178.060854 11
312 162.329745 584.052438 2
313 982.841758 206.326945 3
314 834.630902 882.494837 7
315 290.292399 464.948889 3
316 245.838700 482.787075 9
317 872.730639 1000.000000 3
318 901.815303 156.714914 6
319 194.819769 604.881891 5
320 1000.000000 178.816807 18
321 1000.000000 167.528196 9
322 757.362023 987.526719 18
323 994.220023 186.727175 13
324 46.972669 979.420974 5
325 882.974977 821.116112 3
326 161.190470 926.297682 1
327 925.236844 258.796784 19
328 0.000000 951.124426 20
329 856.229509 1000.000000 3
330 1000.000000 1000.000000 9
331 166.449576 407.840820 17
332 954.581398 917.017939 3
333 786.012608 1000.000000 9
334 223.091559 493.175267 20
335 318.748127 765.548892 18
336 805.043184 1000.000000 7
337 234.084620 702.074736 6
338 168.376434 469.875420 9
339 248.183746 601.445478 1
340 330.909363 582.042491 18
341 102.740553 1000.000000 16
342 35.004572 930.551900 19
343 475.125491 510.530578 1
344 5.776359 907.868263 5
345 886.816775 149.222426 18
346 869.527089 214.785139 3
347 858.095744 943.317466 14
348 186.616724 469.136362 14
349 264.321835 516.445947 13
350 120.790880 985.113882 9
351 332.346764 446.582255 2
352 223.877495 598.536825 1
353 294.512365 485.037560 9
354 867.522509 158.510311 6
355 709.051583 975.506126 4
356 354.369361 644.346147 4
357 95.784421 937.622232 2
358 932.635770 139.035284 14
359 139.732162 414.718477 13
360 183.959499 497.980248 15
361 64.298205 889.828974 10
362 698.663093 961.775435 1
363 173.210227 529.671642 20
364 873.128675 1000.000000 3
365 924.079687 203.553312 7
366 139.800529 1000.000000 14
367 966.949507 870.407362 3
368 876.789174 957.157442 17
369 869.263419 162.112963 5
370 659.605455 266.597247 9
371 829.574590 1000.000000 16
372 837.936892 75.221557 16
373 817.018188 321.594819 17
374 304.258649 575.897167 11
375 1000.000000 163.094175 10
376 982.045588 225.704532 5
377 288.048982 713.673588 6
378 53.652090 900.262269 11
379 250.953782 564.640174 10
380 270.788862 630.600102 12
381 930.559733 902.845802 11
382 667.942738 239.771214 4
383 874.989971 885.204730 5
384 1000.000000 87.385900 11
385 577.990398 320.580707 4
386 321.597970 541.895190 8
387 209.085839 472.670459 3
388 832.509913 63.507455 2
389 628.654010 437.772107 8
390 921.050987 1000.000000 3
391 753.030614 285.931322 9
392 107.151211 465.647083 18
393 954.307270 262.721338 1
394 858.551904 937.436491 2
395 795.045297 970.545548 11
396 772.985961 856.342535 10
397 57.063067 509.262735 12
398 130.280156 844.716956 17
399 66.072822 956.380399 19
400 1000.000000 142.892118 14
401 217.981164 504.351001 16
402 87.647952 869.370421 6
403 794.084429 106.012583 12
404 264.599968 632.739297 9
405 852.131372 949.019891 12
406 956.639181 985.388854 9
407 47.240784 826.516436 16
408 104.068230 851.962979 1
409 225.905035 529.952709 11
410 821.535619 1000.000000 3
411 914.431765 270.385667 2
412 932.804424 142.200043 14
413 941.674910 215.813905 15
414 338.337493 627.740318 12
415 1000.000000 349.473551 18
416 704.937917 416.429278 12
417 883.712726 1000.000000 15
418 680.755957 353.471158 9
419 75.930668 412.374170 16
420 81.056181 489.930354 16
421 838.982104 331.106851 2
422 795.191875 1000.000000 10
423 857.630665 999.565885 17
424 691.676184 278.440753 5
425 36.244378 977.256183 6
426 843.754167 1000.000000 9
427 370.298862 675.409981 6
428 701.569000 888.254216 16
429 0.000000 1000.000000 10
430 887.136047 311.802589 4
431 1000.000000 345.366041 8
432 857.447226 854.489209 20
433 856.284062 953.642182 4
434 90.612994 319.697888 19
435 136.805182 914.803892 19
436 680.592616 237.257713 3
437 61.376820 924.493090 5
438 233.410005 568.201846 16
439 875.020918 929.308032 16
440 898.107499 1000.000000 18
441 1000.000000 433.703615 3
442 301.403280 745.511686 14
443 172.048140 421.884721 9
444 119.055567 559.164135 8
445 816.306999 1000.000000 11
446 905.572963 513.731572 16
447 925.844280 1000.000000 16
448 814.259632 929.438224 20
449 1000.000000 163.637206 18
450 774.663624 1000.000000 2
451 72.622517 1000.000000 20
452 130.703510 555.870951 9
453 843.489182 1000.000000 19
454 146.011841 813.388181 3
455 899.785447 882.335388 11
456 153.467648 897.410992 18
457 816.247082 335.324845 15
458 260.409767 656.563399 10
459 125.889626 770.916519 7
460 926.041869 192.501276 12
461 694.833166 316.505837 1
462 679.495853 368.191243 19
463 0.000000 975.182333 10
464 809.885593 943.225796 7
465 222.273393 604.021673 19
466 991.053049 214.544246 3
467 879.332808 1000.000000 8
468 328.948189 631.877591 10
EOF
