# seed=1009
# generator_version=0.1.0
NAME : small_asym_vehicle_binding
CUSTOMERS : 350
DEPOTS : 14
VEHICLE_CAPACITY : 50
ROUTE_FIXED_COST : 25.00
DISTANCE_FORMAT : COORDS
DEPOT_SECTION
1 187.805271 206.979198 736.19 873 8
2 384.916053 212.300693 613.73 433 4
3 599.689769 216.042630 1220.70 643 6
4 815.543531 207.605162 856.68 800 7
5 209.533580 396.132287 1117.41 523 5
6 380.994164 391.749642 1267.61 405 4
7 603.934877 392.980361 1200.52 390 4
8 781.596351 384.788723 1466.17 438 4
9 211.584375 599.363384 1344.02 483 4
10 392.253564 595.802829 791.06 263 3
11 589.413756 580.495951 802.34 610 5
12 797.042799 608.656036 500.87 1483 13
13 207.967346 795.536386 449.63 805 7
14 405.392261 800.013163 1335.65 1005 9
CUSTOMER_SECTION
15 56.500462 326.915588 12
16 49.851462 281.326418 8
17 825.845872 608.977483 18
18 562.323791 497.966217 16
19 28.158710 152.262010 12
20 931.961966 57.085048 1
21 755.985528 271.852312 9
22 278.287163 631.478885 2
23 761.745922 488.430018 6
24 262.286968 322.555329 16
25 11.432802 397.874210 13
26 736.506209 987.178083 4
27 430.329380 937.558618 11
28 298.761271 599.971310 5
29 520.884665 74.463771 9
30 729.236002 214.687955 9
31 22.215823 307.775004 11
32 852.033072 633.061719 11
33 856.474118 947.785172 11
34 546.195505 970.085526 11
35 728.385983 615.998263 3
36 871.226465 849.378853 8
37 635.107608 461.100501 8
38 930.785696 249.268887 12
39 743.644689 72.187152 18
40 608.992223 391.892144 16
41 868.437973 314.380755 13
42 524.651627 503.890586 5
43 63.000814 245.561927 8
44 829.401605 274.860431 8
45 426.696003 370.154585 5
46 444.339627 788.612662 19
47 119.945116 241.864928 15
48 298.847753 524.116484 14
49 110.609487 637.423582 7
50 114.025706 877.374186 16
51 625.118843 423.262750 20
52 830.972639 6.884588 9
53 354.032601 94.880687 12
54 702.584196 45.545925 13
55 986.232523 222.561069 1
56 552.506910 598.551837 5
57 244.546099 219.618503 19
58 996.916546 987.045649 18
59 941.929442 761.493442 2
60 889.843493 452.211754 19
61 469.656905 945.143410 3
62 204.201634 806.974052 18
63 471.018174 341.364808 11
64 238.255178 677.975239 11
65 537.452070 650.002621 7
66 414.873888 542.391546 3
67 576.037119 51.294258 1
68 98.561783 100.195881 15
69 664.450400 591.808507 10
70 234.238970 68.253725 16
71 49.909881 539.191620 15
72 525.271706 560.613200 15
73 918.518581 713.626158 4
74 209.583393 782.961374 3
75 882.551023 943.070953 14
76 102.537155 545.990783 17
77 646.136845 564.301782 1
78 621.824683 590.742607 20
79 366.992793 195.562670 12
80 360.378410 263.287839 16
81 670.721395 804.412747 8
82 51.273623 33.262352 4
83 687.639988 986.483405 11
84 416.282801 770.408279 3
85 797.506438 753.559747 7
86 519.070807 902.836473 3
87 82.356141 531.011899 13
88 636.537949 982.534458 8
89 268.825447 376.769318 15
90 441.999176 92.061428 3
91 536.022974 372.577864 2
92 342.314459 722.287460 15
93 194.750186 31.103171 12
94 447.755415 791.726830 7
95 432.306920 815.905834 6
96 944.559443 759.575172 8
97 795.926439 879.680525 20
98 704.343938 843.671394 6
99 857.115306 555.279186 13
100 80.793094 403.137448 19
101 901.770939 30.233096 20
102 727.234199 715.870086 11
103 821.781285 968.386802 17
104 357.010626 326.820525 5
105 269.924946 240.912968 17
106 390.081598 505.959633 2
107 473.691183 508.604663 20
108 472.197222 829.378874 6
109 377.740848 201.118610 4
110 10.770452 442.223644 12
111 577.809204 992.686660 17
112 810.323620 129.420194 2
113 103.673023 78.428824 13
114 51.418247 948.970568 7
115 504.643199 681.647856 9
116 467.961548 942.661471 19
117 383.442715 905.330773 3
118 680.760816 328.114218 16
119 715.614368 56.292907 12
120 2.041661 367.960885 1
121 298.628209 676.044993 9
122 56.789732 981.785284 20
123 396.575098 808.912615 20
124 124.779267 19.169772 5
125 662.978861 931.675289 5
126 360.357903 947.389134 6
127 104.692038 138.629263 3
128 179.380470 697.522526 5
129 702.822444 438.090314 16
130 905.303391 744.431314 10
131 377.355302 632.957213 8
132 161.923597 112.097521 19
133 941.904314 110.169460 15
134 68.254072 437.402210 19
135 311.680854 271.726225 18
136 480.400843 92.750168 10
137 964.694787 547.847173 13
138 523.010164 40.862840 12
139 650.567129 997.720898 8
140 990.488684 465.245162 13
141 905.456820 219.476967 6
142 190.725080 919.828348 11
143 379.794583 445.812636 16
144 8.608611 978.493973 2
145 78.054506 628.466721 7
146 521.451816 383.329537 3
147 506.332644 61.057896 14
148 944.699289 105.680855 5
149 255.977805 813.162318 17
150 1.077922 605.193090 10
151 89.982538 647.894675 5
152 713.174236 107.355045 18
153 512.586088 827.822570 16
154 848.481495 545.936058 18
155 121.110661 451.743445 6
156 593.019649 778.866233 20
157 150.325641 618.564797 4
158 681.582821 640.976904 10
159 609.101340 0.906599 8
160 848.184521 921.636019 9
161 430.505394 371.636400 11
162 936.945918 342.263965 6
163 471.826655 62.165593 9
164 87.743250 14.131820 6
165 653.478750 751.632311 12
166 555.328570 211.253650 7
167 156.332248 954.316046 16
168 94.598189 78.844671 9
169 45.147937 485.420559 17
170 459.584267 352.702900 4
171 635.301820 726.098745 14
172 173.857136 683.369054 10
173 927.502925 337.347410 19
174 503.979517 164.993585 9
175 981.967296 60.387937 1
176 426.600364 314.263757 16
177 460.915975 721.257700 10
178 954.193968 484.160195 1
179 896.194177 532.286867 14
180 201.468565 391.303649 19
181 726.526983 457.991695 20
182 237.422296 310.006831 17
183 274.828085 749.553521 20
184 378.468531 963.224677 4
185 261.719039 943.121822 17
186 575.513638 89.711725 12
187 894.977650 370.187611 10
188 711.308338 28.332004 4
189 56.013530 112.021306 15
190 792.159584 627.425280 20
191 670.189534 143.361706 13
192 772.012602 655.865821 15
193 31.650056 384.502819 5
194 73.265064 690.946463 20
195 314.849385 405.886347 6
196 665.098205 746.922742 10
197 150.261294 95.819481 14
198 824.406710 645.953596 20
199 652.997220 362.137213 11
200 673.691191 806.661941 10
201 185.163719 183.367653 11
202 599.510879 651.458531 9
203 639.209698 370.980999 7
204 342.329265 561.659425 17
205 176.025548 847.757498 1
206 79.769573 271.602873 11
207 979.131447 111.962473 9
208 986.946653 740.072436 4
209 711.196750 371.099399 6
210 496.693541 616.067372 20
211 988.097754 622.666982 8
212 516.090271 960.823419 19
213 508.689186 48.997988 19
214 716.308972 856.178973 10
215 646.176443 563.861853 11
216 945.977801 759.940242 8
217 198.173781 200.223573 15
218 239.334666 863.797099 19
219 804.544149 377.800411 4
220 839.219960 686.632625 5
221 767.222517 410.890391 3
222 999.954039 821.829772 10
223 980.704658 30.195128 4
224 170.467075 724.389760 20
225 349.035127 157.628662 10
226 116.083552 862.872893 7
227 865.970043 773.591667 9
228 206.577130 654.237379 4
229 549.572654 321.875877 5
230 724.519323 583.494250 9
231 531.426258 867.217181 3
232 524.474501 238.819309 9
233 293.356753 140.947172 7
234 517.355881 913.738368 12
235 811.217364 839.127138 6
236 812.922137 674.249301 7
237 853.004338 652.944539 6
238 581.764464 970.921456 12
239 287.200154 577.324048 4
240 327.473433 792.427798 4
241 550.694069 812.953439 19
242 924.477068 730.844272 9
243 247.632625 740.200329 12
244 177.846639 733.612395 7
245 458.038654 331.228738 10
246 639.305712 793.110304 6
247 630.262292 145.921910 2
248 889.659120 278.406474 5
249 92.879555 101.675933 1
250 836.574144 141.075879 9
251 926.542412 783.414037 11
252 606.335297 360.368806 13
253 712.156862 934.058081 19
254 687.850396 96.821099 5
255 78.270224 112.807747 16
256 155.603224 103.102432 2
257 311.266355 334.781449 10
258 898.514016 464.386657 11
259 868.924183 774.667432 8
260 554.443271 380.368326 9
261 354.415721 469.150308 10
262 450.867162 126.692386 4
263 592.190414 239.551491 20
264 510.323018 220.314719 19
265 278.699453 855.388798 4
266 633.902025 451.871132 17
267 86.347921 0.856086 3
268 416.299855 20.108733 13
269 226.707583 773.675717 9
270 781.639157 739.180417 4
271 925.934928 757.558614 12
272 259.486125 50.589332 19
273 249.018509 184.867249 11
274 734.451310 133.732726 13
275 301.618289 438.739325 19
276 85.519123 887.834829 15
277 219.030844 965.037346 15
278 286.651781 428.346018 17
279 514.861998 234.319438 8
280 343.780904 545.485499 15
281 450.152783 167.645282 17
282 725.310127 633.080610 20
283 244.271464 982.696429 10
284 955.433515 879.141384 4
285 838.578422 295.609565 17
286 187.642377 120.346677 11
287 278.410178 376.211842 10
288 39.560720 713.795025 5
289 489.842054 712.072654 5
290 656.095065 235.997378 13
291 336.553792 944.191827 15
292 365.173819 215.381253 5
293 727.547805 130.347324 17
294 141.631023 611.843908 2
295 581.088127 482.509742 8
296 944.937751 735.203602 18
297 705.143619 247.937536 6
298 602.768013 35.479411 20
299 646.360536 515.123487 17
300 152.736223 738.094935 9
301 11.352262 549.308707 6
302 499.360433 643.315856 18
303 308.984287 614.085089 9
304 922.992916 942.908503 12
305 784.619538 393.086017 8
306 583.294995 410.952013 16
307 804.188818 829.479545 13
308 276.447231 171.353646 9
309 465.920643 319.834217 15
310 938.917515 69.585878 6
311 453.180093 600.448514 8
312 862.128878 165.751462 14
313 352.068571 397.674687 11
314 541.819893 818.300245 1
315 898.416647 227.767152 15
316 92.407299 861.865438 2
317 46.673496 884.969665 14
318 513.108250 585.466402 19
319 680.008513 798.774805 19
320 687.887196 673.823432 1
321 0.787396 808.547469 6
322 978.510553 929.148121 11
323 467.144046 949.378739 14
324 335.113851 272.724503 7
325 137.484434 877.194165 2
326 265.107184 764.680008 7
327 80.009191 373.231058 11
328 791.354477 809.869111 3
329 866.740289 67.247230 18
330 297.823518 192.385020 5
331 852.667321 364.092868 14
332 384.784369 156.963154 8
333 448.859913 83.499139 13
334 603.820183 62.873736 17
335 562.694531 720.280424 10
336 833.394527 281.022438 20
337 437.747725 939.465253 1
338 777.321070 927.168475 3
339 364.757556 925.431871 4
340 875.283910 430.923188 3
341 258.538332 288.254393 14
342 151.607070 633.433965 18
343 208.047037 256.965547 1
344 517.050279 180.086262 4
345 22.311863 82.208144 4
346 300.545612 977.725801 6
347 628.349138 963.561865 15
348 123.639093 622.316078 8
349 417.807045 683.979206 14
350 407.175701 485.519466 2
351 717.539056 176.574875 10
352 820.757105 716.735870 15
353 920.905580 829.341837 6
354 78.346903 681.922461 2
355 537.611420 416.630208 5
356 525.731170 305.603247 10
357 615.459859 808.828150 6
358 330.227574 664.180614 9
359 529.264289 99.814896 20
360 520.693222 964.770466 18
361 916.032977 675.802597 16
362 769.539841 576.707322 18
363 433.525357 317.549051 11
364 773.072986 487.342863 3
EOF
