# seed=2005
# generator_version=0.1.0
NAME : medium_moderate_c
CUSTOMERS : 1000
DEPOTS : 30
VEHICLE_CAPACITY : 80
ROUTE_FIXED_COST : 35.00
DISTANCE_FORMAT : COORDS
DEPOT_SECTION
1 834.174598 408.934520 2143.58 570 7
2 777.076013 874.816546 2385.40 502 6
3 0.000000 632.438469 1142.10 527 6
4 493.513509 662.804718 1816.19 269 4
5 0.000000 322.115063 932.75 89 1
6 670.818321 327.217641 2258.09 482 6
7 563.858395 683.013947 966.32 1444 17
8 917.301033 788.011703 1169.78 795 9
9 772.796615 516.422511 2405.15 706 8
10 738.869886 850.435370 2172.07 289 4
11 16.659702 566.440884 1629.08 450 6
12 421.946255 670.659800 1787.95 573 7
13 35.722481 242.614849 1502.08 281 4
14 730.540358 424.224690 2475.73 439 5
15 570.103935 578.240817 1267.42 739 9
16 821.937359 635.954007 870.89 832 10
17 702.213009 458.716624 1424.76 428 5
18 830.362588 898.548119 968.21 1064 12
19 59.202831 634.622299 823.11 748 9
20 538.894670 634.605686 1196.77 449 6
21 13.133524 287.308867 2056.01 263 3
22 694.533280 436.187698 1335.83 592 7
23 688.711121 739.810992 2290.95 698 8
24 986.836053 686.711028 1431.19 634 8
25 734.160415 495.731135 1242.48 516 6
26 634.783116 923.929232 1662.67 245 3
27 0.908497 562.162545 2496.44 805 10
28 468.949591 661.829669 1354.71 400 5
29 0.000000 329.601425 2136.77 1070 13
30 693.920928 540.708659 827.69 1130 13
CUSTOMER_SECTION
31 793.623598 830.424669 3
32 798.730344 884.018989 17
33 616.711981 570.729806 8
34 801.059934 654.457342 3
35 734.281996 877.736650 8
36 569.185798 569.564525 13
37 476.466216 694.820991 20
38 810.759661 744.515575 9
39 0.000000 188.886661 3
40 707.911061 684.705453 18
41 835.509250 705.913617 24
42 0.000000 456.838120 16
43 106.164415 339.914524 9
44 0.000000 572.021047 23
45 33.600041 578.475640 7
46 791.085048 474.747462 1
47 841.922243 464.474906 10
48 665.680336 517.591008 22
49 0.000000 341.933404 4
50 757.770675 881.503738 6
51 45.395210 618.530895 10
52 670.236955 764.983261 17
53 683.068232 419.398328 18
54 899.755078 664.160324 4
55 734.341080 487.048397 2
56 0.000000 594.326121 8
57 764.801562 913.937654 15
58 36.674054 243.061304 19
59 383.137776 681.930656 8
60 892.815315 663.897527 10
61 680.743114 403.472160 6
62 696.323224 438.406641 4
63 829.537136 950.306129 14
64 589.481364 543.583677 11
65 825.633298 681.831443 21
66 625.850089 510.971030 9
67 555.661580 744.597267 18
68 948.410733 570.803409 13
69 877.130364 600.621241 21
70 958.272603 709.742391 13
71 691.188655 988.237803 11
72 867.373337 606.372485 2
73 757.203467 423.205410 22
74 868.139557 786.730481 24
75 980.663422 691.723218 5
76 994.764185 889.556058 11
77 799.333739 419.150397 2
78 554.326024 551.901648 5
79 651.570691 526.425371 17
80 0.000000 579.546398 4
81 701.089090 751.432932 8
82 1000.000000 623.825824 7
83 426.958173 618.130458 25
84 713.135683 504.100025 11
85 780.457219 419.782258 10
86 31.715897 483.202876 14
87 741.352850 360.520449 16
88 35.458152 388.504439 6
89 375.129452 600.585394 19
90 470.833653 705.714384 21
91 797.365340 550.461916 9
92 510.722798 713.786328 3
93 567.049953 627.632860 18
94 604.256287 706.025957 8
95 829.373079 720.707753 7
96 850.378484 1000.000000 2
97 807.965703 487.001838 6
98 800.957178 719.925228 23
99 81.372689 671.589403 7
100 33.133846 593.806942 4
101 642.986747 489.275406 2
102 685.574542 476.813678 12
103 1000.000000 661.178802 20
104 920.963338 630.612808 6
105 72.809365 405.011196 22
106 795.036781 307.611597 3
107 777.029319 739.931183 22
108 645.096838 358.762637 5
109 978.645283 546.253002 23
110 68.694963 396.549051 4
111 664.801882 624.947511 4
112 722.120415 657.002307 2
113 437.107638 631.343492 17
114 746.104014 570.677206 5
115 820.188646 752.371845 25
116 640.521994 961.480515 12
117 607.678964 508.812637 19
118 54.714545 351.655182 24
119 647.676839 634.060573 7
120 846.907611 675.289988 24
121 0.000000 585.191351 16
122 642.321856 511.406100 20
123 376.597807 615.441845 12
124 865.812401 920.872941 14
125 565.096376 691.079675 3
126 15.549789 502.036716 3
127 0.000000 477.877095 11
128 890.181510 953.981953 25
129 441.952971 757.027224 17
130 9.990884 363.809481 11
131 674.725034 819.587613 24
132 285.935504 551.692811 12
133 644.430710 642.214375 5
134 0.000000 565.756616 18
135 625.784344 704.409433 16
136 722.172825 808.383640 3
137 460.885910 738.001106 1
138 964.132394 813.862059 4
139 822.883394 520.528390 14
140 851.801789 960.836744 15
141 721.349454 882.897185 12
142 749.839336 352.697042 12
143 686.747648 444.831225 20
144 29.981812 538.773713 14
145 0.000000 594.975157 10
146 5.690999 643.852526 10
147 632.398016 607.633181 13
148 716.561988 555.479610 8
149 736.071033 1000.000000 6
150 772.343320 641.287506 2
151 516.236184 589.820299 21
152 638.378812 559.037967 19
153 763.729877 973.391952 23
154 0.000000 364.288651 4
155 426.576018 566.050649 13
156 566.179411 509.648610 5
157 767.570385 539.914194 6
158 0.000000 276.877599 19
159 732.872732 673.455935 22
160 935.123619 658.211839 20
161 653.249256 404.407615 9
162 700.628412 410.927081 1
163 640.725360 452.407454 11
164 698.621139 908.037035 19
165 675.371437 747.609298 11
166 840.860250 790.230107 24
167 569.402428 692.702103 6
168 27.839143 626.413915 2
169 522.095268 629.139199 6
170 910.179352 775.702851 7
171 0.000000 379.898118 10
172 551.568880 587.793173 17
173 669.750265 816.539201 17
174 624.793156 476.515732 1
175 857.095969 748.460862 8
176 799.068581 456.837431 15
177 753.078983 488.971282 21
178 0.000000 714.997473 7
179 53.620726 613.390071 24
180 531.786802 506.948857 13
181 780.387648 912.244723 5
182 824.564439 605.706183 6
183 722.138895 500.942880 15
184 175.321121 524.527878 15
185 735.029281 746.335267 10
186 711.625911 600.950171 5
187 617.952408 613.315393 21
188 756.990617 421.989223 12
189 41.329108 279.223232 23
190 794.127715 1000.000000 13
191 488.794607 554.125268 12
192 505.389398 664.244799 5
193 585.161059 563.639607 1
194 700.017694 645.663338 16
195 821.077231 633.488755 11
196 0.000000 447.486762 16
197 556.405916 576.036628 25
198 591.808100 532.638486 4
199 681.063723 619.086683 6
200 630.845635 401.333106 11
201 681.077681 508.672503 11
202 641.012280 740.515793 13
203 178.583079 452.391223 10
204 688.035538 409.671961 1
205 0.000000 497.634065 14
206 615.739319 378.643176 25
207 788.399156 902.712923 7
208 962.203317 672.960178 14
209 166.921297 537.608156 16
210 781.425248 473.801486 3
211 757.486980 895.635072 19
212 0.000000 245.722903 9
213 739.912566 570.766987 8
214 576.979912 392.840018 6
215 630.255510 423.070071 7
216 554.421670 627.908876 11
217 700.478327 405.791910 7
218 0.000000 284.457920 6
219 886.224712 774.482609 20
220 881.642234 715.524956 21
221 46.111358 635.261892 21
222 665.279136 449.005200 21
223 527.312223 773.116200 18
224 737.777629 617.700508 24
225 673.624047 490.387050 1
226 734.503073 581.774872 9
227 0.000000 435.211952 19
228 729.260514 837.508986 5
229 704.242703 512.321598 15
230 726.122227 373.909458 9
231 677.271598 471.415350 24
232 593.128546 514.992629 14
233 845.922795 966.629148 23
234 601.423138 517.661445 11
235 492.175358 636.966048 22
236 569.756064 644.062624 10
237 745.756459 402.724069 7
238 0.000000 606.146938 24
239 919.087392 569.579004 13
240 841.800492 832.807308 21
241 757.907801 563.650811 18
242 631.461538 479.433934 15
243 677.168876 617.041513 16
244 693.958412 641.008070 2
245 78.526668 384.802083 20
246 557.662501 738.130554 9
247 932.083277 796.021372 7
248 0.000000 242.421851 18
249 978.352229 628.372361 25
250 72.869321 178.618370 1
251 896.607679 687.514847 25
252 784.996344 428.810779 20
253 392.851206 729.772409 9
254 711.274581 414.917399 11
255 776.667111 530.079584 14
256 610.945031 655.154433 17
257 25.575243 615.359933 8
258 97.844332 769.758871 16
259 730.824012 695.246560 12
260 0.000000 358.556157 14
261 920.424535 1000.000000 8
262 78.207209 545.330666 6
263 659.815975 497.936071 11
264 756.305577 475.209610 22
265 750.727517 494.338194 16
266 648.186548 704.117526 9
267 0.000000 389.474965 13
268 80.679121 456.282055 11
269 30.741124 642.234215 3
270 954.937811 733.357938 13
271 690.113264 345.077644 4
272 112.140288 501.053518 5
273 752.272069 966.621468 23
274 16.636198 512.222474 1
275 490.230117 724.543095 24
276 902.303177 721.161996 23
277 981.329699 752.742654 15
278 815.574533 785.433798 12
279 724.043378 290.683301 12
280 470.453026 626.226013 9
281 829.529830 582.389235 12
282 728.327454 394.706418 9
283 701.309171 611.265659 23
284 504.719425 786.642128 22
285 679.005505 670.499172 9
286 394.714448 641.917343 23
287 0.000000 464.062181 4
288 679.828054 425.904838 1
289 541.130697 614.741188 12
290 290.729885 759.736578 4
291 518.615287 584.813880 5
292 0.000000 441.813731 3
293 795.273760 499.040339 1
294 910.857734 850.816483 16
295 809.751925 895.787457 9
296 653.816038 415.711540 2
297 795.443307 452.161812 3
298 1000.000000 644.190591 11
299 384.160489 789.005523 5
300 653.102278 321.026017 16
301 447.428557 530.188450 19
302 887.449274 669.993601 25
303 730.660829 427.705205 3
304 812.557789 462.832038 23
305 932.855816 942.977165 23
306 852.481741 585.772454 24
307 524.124222 820.683642 19
308 86.236866 584.320691 8
309 854.681835 710.089868 9
310 0.000000 504.245769 5
311 0.000000 722.663504 18
312 808.768935 477.609048 12
313 583.072608 316.104690 10
314 0.000000 452.588657 20
315 791.648372 439.113956 21
316 760.048056 852.830681 11
317 963.194780 631.497558 5
318 843.850346 958.685790 20
319 473.497138 774.317553 2
320 799.719726 920.003449 13
321 0.000000 460.484877 10
322 711.157688 952.210270 6
323 0.000000 566.335444 8
324 0.000000 492.801887 9
325 570.298966 739.282142 17
326 571.079161 617.888279 5
327 144.877979 227.459253 14
328 0.000000 587.688243 17
329 885.790983 676.419888 7
330 0.000000 611.409040 24
331 106.906457 293.743869 7
332 533.882722 705.814798 13
333 462.164297 692.435712 17
334 539.548513 361.266030 10
335 767.604074 463.857871 24
336 720.109373 838.750981 15
337 829.850089 443.678519 20
338 339.679317 712.005735 23
339 546.545224 692.811529 18
340 778.786499 866.921289 14
341 549.160317 641.094666 10
342 716.317331 625.109643 24
343 698.023611 434.540867 22
344 837.203996 485.257002 21
345 137.444745 388.746798 6
346 676.080007 734.799448 19
347 667.302464 530.118965 23
348 685.470898 643.225739 4
349 151.066299 666.080911 13
350 495.716281 704.494802 15
351 714.625712 526.579281 19
352 617.307582 464.460658 22
353 0.000000 625.603068 19
354 948.336593 760.127776 13
355 455.834246 613.943992 19
356 419.001848 582.184356 2
357 0.000000 612.980083 6
358 49.699534 365.567701 15
359 460.285484 733.259434 12
360 438.565159 757.445056 17
361 742.016578 467.432563 18
362 933.801922 778.099267 18
363 642.267593 378.037915 17
364 0.000000 392.288699 21
365 571.922106 479.056308 4
366 954.793869 660.353685 18
367 674.800791 569.842222 1
368 756.961586 479.952095 12
369 102.765182 505.869912 1
370 840.191488 917.339464 12
371 827.826820 927.593964 10
372 791.751673 789.096191 24
373 17.347711 310.296217 8
374 645.816148 513.320875 14
375 619.682744 498.370941 20
376 48.980991 349.205793 23
377 42.783989 405.740828 18
378 643.664314 585.281036 25
379 707.361685 463.419832 18
380 559.898431 753.986158 19
381 583.327018 748.151388 2
382 739.780247 506.938601 7
383 860.976141 493.413022 23
384 935.819997 872.890857 6
385 792.245700 765.112608 13
386 614.527664 728.844190 15
387 712.520543 730.429075 5
388 766.493243 506.656033 7
389 732.966937 466.300598 6
390 613.668397 666.598918 6
391 724.922359 278.907707 7
392 558.994197 783.430964 12
393 939.963978 516.082143 19
394 887.066964 554.357616 6
395 86.928482 207.169908 6
396 834.328451 573.820747 20
397 20.459568 595.135642 24
398 563.851076 641.727497 13
399 578.707468 726.884902 14
400 698.606852 463.811019 17
401 0.000000 504.028930 20
402 593.520248 740.587048 21
403 48.681832 369.841811 12
404 0.000000 562.605213 15
405 203.167731 356.436303 3
406 0.000000 559.497840 4
407 102.836657 591.135005 14
408 11.976697 526.123029 3
409 963.300746 686.769024 17
410 389.769777 688.507232 18
411 115.491832 590.450131 22
412 779.576660 509.390335 11
413 863.729684 580.139780 18
414 808.906040 443.209975 20
415 764.693611 512.187544 17
416 929.976011 684.918259 8
417 890.090501 715.471755 13
418 19.959196 297.871100 4
419 853.484739 870.033139 24
420 473.132074 625.270122 18
421 671.954980 281.446875 14
422 730.968810 714.514678 7
423 811.418434 472.116376 17
424 59.308881 250.258752 9
425 0.000000 192.652964 6
426 0.000000 317.177200 16
427 563.096627 685.037998 13
428 909.342713 708.282886 18
429 748.414232 535.886723 21
430 662.020974 600.339665 8
431 435.995940 728.751903 14
432 388.249317 720.483234 5
433 833.388338 482.059022 22
434 561.153078 664.264666 6
435 46.670574 501.738669 23
436 667.002559 695.784886 11
437 908.449958 743.439307 1
438 878.416684 579.428644 4
439 851.309149 468.768439 14
440 601.194683 631.350298 16
441 528.389945 650.455135 5
442 581.848447 711.463031 13
443 667.940964 454.181640 1
444 698.806606 853.064105 5
445 856.593052 919.884332 4
446 883.892275 771.122076 22
447 680.454589 327.684195 11
448 522.056145 647.935190 5
449 835.243133 980.520002 24
450 0.000000 631.412470 19
451 59.076490 619.623344 25
452 540.626984 749.919088 8
453 63.879400 388.738870 1
454 633.803706 421.527816 25
455 602.512981 667.918141 15
456 734.236114 522.769603 23
457 624.803315 434.090838 16
458 188.953360 359.248398 10
459 913.493287 728.919030 4
460 547.326541 515.496007 5
461 117.097652 689.694297 14
462 62.306891 681.636852 8
463 634.212082 542.026334 8
464 603.634311 609.832654 9
465 40.088840 432.370737 22
466 803.420382 495.866401 3
467 821.942994 811.934865 7
468 462.951658 708.765595 21
469 64.194986 585.172152 8
470 389.906412 559.962659 22
471 63.141301 451.424253 25
472 625.798450 661.121771 2
473 841.797804 546.154519 8
474 776.287566 448.301916 6
475 774.901452 549.441030 20
476 19.733481 374.232682 24
477 740.687798 607.911768 1
478 26.563991 378.255483 15
479 691.778137 671.964008 18
480 433.775352 614.665036 11
481 717.080154 327.439027 15
482 484.291003 786.922849 16
483 811.040629 457.113981 15
484 0.000000 468.932736 6
485 105.601111 610.779740 16
486 3.341648 337.287117 5
487 670.960125 976.645301 14
488 0.000000 378.020197 24
489 638.169835 706.170473 11
490 513.215479 564.876037 5
491 642.169210 615.560550 2
492 0.000000 582.245049 17
493 529.991077 644.505428 23
494 777.824754 458.995254 25
495 727.202198 578.918855 8
496 843.612164 845.835562 17
497 808.790941 484.240276 6
498 748.160083 578.992712 6
499 809.621739 565.916694 15
500 691.866342 618.106273 11
501 691.967181 436.473806 11
502 766.651681 874.586126 23
503 15.417012 339.363036 6
504 15.799972 392.142734 13
505 992.406882 747.346418 19
506 84.576679 321.824676 14
507 63.666004 623.702033 20
508 739.497889 447.793214 12
509 691.959253 504.744252 21
510 583.036725 726.098302 21
511 118.674280 612.189233 6
512 469.925905 623.871699 25
513 786.527870 432.834108 4
514 504.526929 775.516630 12
515 870.497600 708.991763 5
516 787.813176 456.359636 23
517 712.416334 463.187782 19
518 0.000000 430.476780 17
519 905.175418 820.552037 20
520 460.689231 845.045683 25
521 603.332154 576.636637 11
522 991.605231 630.586540 6
523 860.698605 912.937355 18
524 0.000000 600.017886 8
525 852.615372 914.524616 7
526 390.922040 744.291453 5
527 643.519449 544.420193 20
528 743.574873 526.544723 11
529 616.982087 430.394970 16
530 615.234857 712.676977 25
531 965.997864 561.358224 7
532 646.492596 418.715148 6
533 13.617166 668.458072 7
534 0.000000 460.630071 6
535 683.478099 573.236414 11
536 658.258377 707.696219 24
537 567.662269 692.837403 25
538 474.782635 567.605197 4
539 0.274655 286.591562 20
540 484.889682 711.173802 6
541 0.000000 682.763718 21
542 643.422539 604.647724 20
543 796.339997 393.892634 14
544 20.855483 300.682607 17
545 758.623953 937.823276 6
546 587.680468 500.834940 12
547 0.000000 488.792345 15
548 590.711759 343.593197 22
549 657.167453 588.145466 22
550 606.946659 699.048567 4
551 474.248518 652.202940 20
552 863.198542 731.961189 14
553 0.000000 293.116602 1
554 863.547202 773.169823 2
555 608.122559 880.829412 20
556 802.779129 939.354543 18
557 113.631682 496.464961 25
558 652.836564 792.968537 25
559 858.586083 728.054837 23
560 40.013966 652.685220 19
561 527.401305 711.823131 20
562 563.058889 647.666504 10
563 489.106226 716.135299 3
564 609.828717 646.859618 16
565 0.000000 413.811598 17
566 658.450135 462.635512 11
567 62.646450 670.565404 9
568 807.007508 876.286670 15
569 331.573562 640.875443 21
570 0.000000 579.713686 11
571 696.586701 446.191591 7
572 467.124960 806.301830 1
573 693.089416 459.979133 6
574 55.109321 315.560341 5
575 612.087696 851.427505 1
576 468.942695 678.393985 1
577 654.592449 482.897766 23
578 771.177437 495.046166 17
579 799.328765 656.734544 10
580 0.000000 393.238564 5
581 860.032510 869.265702 24
582 693.076557 701.881559 5
583 644.030341 543.070708 22
584 871.827974 527.260948 16
585 569.679255 343.501341 12
586 722.708004 411.702680 11
587 619.825972 497.547148 10
588 173.945127 304.881971 11
589 769.788581 518.371111 3
590 70.806869 368.850225 21
591 535.655780 653.086659 17
592 619.271338 654.687808 23
593 719.826892 707.874754 25
594 164.184392 572.689412 1
595 0.000000 273.022487 5
596 0.000000 389.444662 18
597 896.357989 728.430759 9
598 564.925013 654.794131 20
599 0.000000 442.808920 12
600 679.600685 784.087701 2
601 660.916425 436.739617 5
602 788.519611 458.660515 15
603 702.373526 541.916613 22
604 520.182682 625.950411 24
605 742.259937 387.829090 13
606 107.228442 700.710076 12
607 644.581490 541.771919 11
608 473.586255 717.563292 8
609 868.943234 808.138800 25
610 543.334839 579.007140 7
611 892.561283 682.387849 15
612 703.102212 411.879397 15
613 578.838412 676.393704 19
614 0.000000 525.053389 13
615 829.209889 819.630006 12
616 917.891847 785.019436 14
617 87.758899 508.216718 20
618 613.879678 798.478237 3
619 457.349153 688.598504 5
620 724.798184 565.096800 15
621 101.590028 530.560293 16
622 122.024720 631.108579 1
623 0.000000 617.462139 22
624 497.660435 741.578297 2
625 432.721441 628.022559 6
626 495.684222 518.505999 5
627 0.000000 565.084730 21
628 545.675514 572.226933 22
629 667.119622 912.100709 15
630 1000.000000 629.096697 20
631 756.193782 477.281101 24
632 782.279604 517.724179 6
633 958.208647 922.598363 16
634 676.092402 560.135515 15
635 67.317908 558.671735 12
636 627.984900 573.831022 6
637 445.807147 630.622743 10
638 629.728816 679.322686 19
639 598.957385 625.073052 17
640 625.153446 967.919880 10
641 54.212549 679.528162 14
642 913.594915 568.746007 8
643 685.703899 449.427889 13
644 0.000000 670.017210 18
645 482.451235 750.469112 14
646 47.718614 650.353471 11
647 37.314101 311.277508 25
648 740.832918 391.593852 22
649 789.285626 914.606143 3
650 874.227299 654.926577 24
651 55.561969 651.112585 20
652 31.207582 529.535311 10
653 847.842437 412.799009 10
654 45.125014 194.905016 20
655 397.142657 541.330121 25
656 618.924780 707.087885 13
657 620.958789 687.351074 25
658 0.000000 438.261468 5
659 511.121422 661.166651 12
660 813.835005 630.981946 4
661 823.560059 917.059130 25
662 704.670286 515.759642 13
663 617.485484 426.158151 18
664 9.379859 626.158255 22
665 491.547081 787.026106 9
666 642.267176 477.200035 2
667 589.885839 728.617720 16
668 551.351264 600.113133 4
669 0.000000 440.928356 23
670 834.359527 406.364940 16
671 612.226676 754.115274 9
672 449.145500 574.396315 22
673 599.917292 582.314948 18
674 587.249604 628.934851 14
675 769.453179 332.403906 23
676 698.397361 495.252020 11
677 0.000000 409.404136 4
678 33.598824 490.858815 1
679 439.138679 598.430101 8
680 570.719232 709.868971 24
681 793.221259 363.984748 6
682 804.241376 651.933734 5
683 857.257832 922.245704 9
684 0.000000 537.099831 16
685 571.434761 629.504234 2
686 964.294360 960.569766 25
687 845.044926 615.196157 12
688 931.592291 1000.000000 12
689 677.823551 858.338956 20
690 982.099606 810.391722 10
691 0.000000 463.003188 4
692 747.760641 521.302862 16
693 691.812454 584.021934 16
694 851.035717 925.076394 16
695 0.000000 599.285829 24
696 940.513637 614.824042 19
697 823.297162 815.374016 21
698 83.288045 436.595294 9
699 504.588649 655.129139 16
700 0.000000 275.929715 2
701 954.940655 545.875122 6
702 655.160205 587.466003 21
703 769.458215 546.189987 6
704 41.553561 334.792220 19
705 593.960939 782.094997 6
706 701.766926 358.402360 19
707 796.746864 957.297636 19
708 772.439634 912.524320 24
709 0.000000 520.618710 1
710 25.661347 441.470243 11
711 0.000000 463.342808 22
712 0.000000 565.313064 4
713 895.198922 518.335544 14
714 779.338347 718.565410 4
715 0.000000 451.248479 6
716 575.350664 638.765002 9
717 655.291580 676.252740 17
718 62.236604 746.178305 16
719 874.711412 903.539463 17
720 730.922168 349.495441 13
721 624.639671 871.512527 5
722 880.717362 704.469377 4
723 9.987545 649.137388 23
724 795.251339 895.935685 4
725 808.727259 1000.000000 15
726 501.458792 742.307769 19
727 961.715488 751.131030 7
728 737.448262 364.210800 8
729 26.798377 266.757595 5
730 743.148718 509.416827 9
731 831.539245 451.790567 24
732 502.302781 617.337231 21
733 536.589630 775.744955 8
734 717.262065 624.547993 12
735 875.910273 638.867611 3
736 41.967901 712.504877 9
737 675.427842 272.666993 9
738 812.999990 963.264077 21
739 595.509644 707.757338 12
740 759.081427 565.775396 5
741 622.704486 329.417985 7
742 554.938840 696.675503 12
743 0.000000 718.588616 6
744 473.301509 743.435792 12
745 912.187172 796.238531 24
746 501.651958 750.615297 1
747 975.563637 782.025450 2
748 46.060717 526.798683 7
749 586.373929 666.538000 18
750 653.815142 659.532863 14
751 758.231838 389.530712 14
752 0.000000 536.474728 17
753 598.844693 608.363794 1
754 0.000000 322.113128 10
755 760.720309 918.045398 5
756 0.000000 529.783322 4
757 812.869183 1000.000000 9
758 856.179397 997.052074 6
759 745.156927 510.212247 19
760 0.000000 418.878896 9
761 0.000000 386.167780 22
762 0.000000 255.895191 7
763 49.154919 659.328204 24
764 942.481548 981.386108 11
765 905.498761 944.568614 17
766 856.776655 699.897555 15
767 674.422534 640.448670 24
768 51.542604 611.726043 20
769 595.641231 386.985302 10
770 705.546102 450.144481 20
771 753.179879 763.012101 21
772 763.710923 356.377089 14
773 682.239476 363.650145 16
774 618.964384 782.427379 17
775 0.000000 400.845773 3
776 928.038964 983.805325 16
777 755.435136 454.937482 21
778 0.000000 533.618872 25
779 0.000000 685.742702 3
780 633.924891 717.215578 9
781 824.898017 469.521927 22
782 1000.000000 716.003713 10
783 798.422792 463.595420 20
784 613.599893 349.920274 20
785 763.362902 445.405699 17
786 800.013954 643.094358 1
787 606.975330 730.520553 18
788 626.244184 353.955871 8
789 829.292113 465.189202 10
790 24.132394 528.335356 15
791 661.675625 374.662669 10
792 123.636000 724.750883 20
793 689.234394 894.517270 9
794 555.630566 520.231253 17
795 0.000000 397.004753 23
796 530.431944 806.082442 25
797 517.048903 623.480982 16
798 920.108778 501.548561 13
799 647.303076 406.866894 3
800 767.570098 394.362359 6
801 865.865105 378.732850 23
802 848.496128 978.169149 8
803 72.271172 417.854153 24
804 574.277563 700.317350 15
805 46.395229 804.414144 22
806 87.332854 267.018668 3
807 0.000000 651.031398 1
808 609.141195 696.435580 13
809 709.135401 504.890121 25
810 505.062372 566.245932 3
811 65.226880 430.720916 2
812 0.000000 546.855368 7
813 671.672476 554.231587 22
814 672.117680 540.311756 6
815 113.873719 645.264375 19
816 473.437367 642.884144 9
817 899.684035 845.303173 7
818 863.849247 841.440763 17
819 197.189784 556.038620 13
820 523.987227 646.822178 23
821 742.350937 431.700815 4
822 632.688958 817.963187 9
823 762.201408 849.371673 8
824 651.622177 614.792397 22
825 601.183183 737.462856 18
826 673.007916 973.022833 10
827 503.856995 766.702904 2
828 783.960776 1000.000000 15
829 57.177389 466.705797 20
830 43.639294 244.284034 2
831 649.796901 796.435404 13
832 603.059662 679.081493 24
833 544.282085 669.368213 19
834 750.743316 692.465780 24
835 0.000000 653.427860 6
836 815.028671 367.305118 13
837 693.358036 563.280177 2
838 467.020491 614.749820 8
839 692.328081 609.560042 17
840 425.643017 705.834070 3
841 854.446719 593.660126 21
842 635.085714 375.438336 3
843 860.605984 473.212305 24
844 634.912339 480.519135 15
845 775.894196 397.289319 24
846 592.057030 726.895852 3
847 739.421990 977.025570 14
848 900.211391 749.274853 10
849 674.581217 439.453734 12
850 625.346000 576.526909 14
851 822.693266 368.320698 7
852 615.211390 642.067714 6
853 701.325102 479.324613 13
854 994.437527 626.256289 16
855 571.877110 789.691156 17
856 941.815927 742.186930 9
857 95.987932 259.714510 24
858 408.585993 540.321876 3
859 911.496100 705.698993 12
860 519.786393 471.442015 1
861 49.885721 609.405059 2
862 611.062044 469.651160 6
863 42.827321 484.106848 8
864 51.081924 651.976906 23
865 602.306751 724.811342 24
866 0.000000 325.339167 19
867 1000.000000 876.223225 9
868 809.807558 646.059383 23
869 8.638488 486.322516 12
870 483.177234 641.749539 3
871 18.422229 506.293268 11
872 513.104635 752.398221 12
873 35.535657 469.279625 2
874 850.063598 863.484084 25
875 466.636456 829.845074 5
876 0.000000 552.030269 18
877 505.003507 553.250118 1
878 558.155906 711.687278 6
879 675.082775 457.898816 14
880 642.307798 692.443409 5
881 0.000000 692.821290 14
882 611.133398 446.948662 1
883 658.285420 528.736052 7
884 569.420308 740.182737 19
885 509.782761 756.271861 2
886 871.374706 1000.000000 13
887 733.675324 451.323391 13
888 554.144205 749.873927 22
889 811.769360 818.557928 14
890 755.755869 916.100464 18
891 887.701656 631.974003 24
892 0.000000 556.313532 23
893 837.362167 938.219168 23
894 682.697091 519.416230 21
895 753.891002 623.057359 2
896 903.842376 670.750649 19
897 948.351531 641.586318 12
898 612.505550 564.528804 10
899 808.949382 917.590161 9
900 882.716754 415.986556 5
901 746.330337 525.216067 19
902 698.116015 572.622900 6
903 569.788307 571.781267 5
904 0.000000 341.374383 13
905 557.289598 674.896082 5
906 17.217181 378.319220 22
907 1000.000000 868.625291 10
908 918.547485 659.228129 5
909 76.194333 455.266736 5
910 821.299317 937.286019 5
911 498.414251 609.545923 6
912 63.608051 710.677158 17
913 701.520976 487.616194 23
914 471.216572 721.513238 20
915 562.471829 757.253468 3
916 622.393315 578.171574 24
917 952.082358 752.861019 13
918 567.949205 470.695880 2
919 0.000000 476.397341 20
920 0.000000 229.826584 21
921 429.694418 656.430586 7
922 874.605347 912.424382 25
923 686.238948 425.141991 8
924 728.428803 528.053886 19
925 707.697560 472.691505 18
926 786.471851 569.839379 23
927 664.312620 395.212434 19
928 697.473971 640.175665 24
929 763.261806 470.015709 20
930 143.771426 387.458280 23
931 44.294803 391.621144 20
932 991.794092 709.875507 10
933 518.621646 621.000328 9
934 655.183829 448.789123 11
935 0.000000 629.685075 10
936 528.515001 526.203543 7
937 565.384339 727.615928 2
938 722.348735 892.974513 13
939 590.640331 753.606886 13
940 983.285910 599.613250 4
941 618.733851 460.019662 17
942 626.304990 654.625156 25
943 811.817130 546.075877 16
944 968.450801 761.222965 24
945 434.135886 730.926816 12
946 623.046306 460.741493 7
947 579.843649 628.690100 4
948 965.968339 728.176574 15
949 567.768570 450.626027 24
950 723.521982 808.232579 12
951 787.943036 588.255911 25
952 747.559830 406.784882 8
953 913.450444 867.912892 16
954 43.129494 467.278626 3
955 403.216785 674.813309 23
956 0.273532 412.208396 21
957 717.122262 543.824997 22
958 750.081052 751.692579 7
959 780.344580 709.474757 1
960 892.691331 667.424332 17
961 500.720029 606.338021 7
962 0.000000 569.686425 21
963 0.000000 325.433897 11
964 632.945473 905.687773 24
965 25.282300 604.546534 23
966 703.983419 551.507752 1
967 900.234311 616.385122 2
968 615.163767 730.917624 25
969 741.691876 483.602146 21
970 0.000000 548.675936 6
971 888.499738 834.647724 5
972 749.148798 488.459916 13
973 0.000000 702.141206 10
974 639.172458 583.127279 14
975 685.643469 609.674017 19
976 828.613101 873.048086 24
977 804.097970 449.313114 8
978 783.755975 863.514035 6
979 18.300699 406.822118 3
980 671.419857 496.154195 23
981 25.490899 560.220974 20
982 487.489437 828.743481 4
983 0.000000 381.811080 7
984 783.023798 510.115859 23
985 0.000000 432.893676 5
986 0.000000 401.411277 19
987 575.786862 790.875559 13
988 716.471520 497.587949 8
989 709.436693 472.191483 24
990 752.500670 841.458837 7
991 515.700856 693.735736 23
992 488.324354 516.062140 23
993 665.403359 458.897013 7
994 733.455696 344.911461 8
995 790.952096 571.207604 23
996 554.968568 705.256404 4
997 599.440283 571.803112 11
998 512.708900 304.985538 15
999 840.659650 629.088110 1
1000 717.854285 802.632769 11
1001 0.000000 271.033275 23
1002 781.567127 856.099289 20
1003 791.003450 590.739665 23
1004 895.155399 726.603886 14
1005 567.846041 639.088280 8
1006 122.882976 294.069428 25
1007 0.000000 547.843785 18
1008 665.334301 639.840197 3
1009 880.597742 638.507746 21
1010 825.051271 448.707375 3
1011 544.732184 736.280248 3
1012 751.308704 390.665506 12
1013 0.000000 342.396509 20
1014 661.121853 422.919927 22
1015 0.000000 728.017326 24
1016 643.287633 654.600635 24
1017 692.937003 1000.000000 14
1018 203.735724 450.825375 16
1019 1000.000000 765.961941 18
1020 706.796694 573.908663 13
1021 921.711950 745.163574 18
1022 962.743596 830.406623 2
1023 508.400202 595.014416 10
1024 816.835344 943.294973 10
1025 610.453068 557.608905 13
1026 24.580655 330.191517 5
1027 689.833889 544.499816 15
1028 655.614948 590.808279 9
1029 780.927545 838.446349 25
1030 0.000000 173.849937 4
EOF
