# seed=2003
# generator_version=0.1.0
NAME : medium_moderate_a
CUSTOMERS : 800
DEPOTS : 25
VEHICLE_CAPACITY : 70
ROUTE_FIXED_COST : 25.00
DISTANCE_FORMAT : COORDS
DEPOT_SECTION
1 154.454974 165.480686 1423.05 811 11
2 340.389911 164.083708 924.20 373 5
3 482.441829 162.097111 1692.87 511 7
4 676.026120 162.608798 887.45 481 7
5 839.235221 178.517360 1744.35 587 8
6 169.930587 347.393168 1421.20 423 6
7 336.918611 327.565864 732.07 314 5
8 499.498114 337.009974 1165.06 370 5
9 672.495631 316.811499 1318.70 182 3
10 829.361373 315.017917 1235.43 540 7
11 160.200232 511.883315 1732.96 731 10
12 330.960658 490.069303 946.30 416 6
13 509.870059 514.717748 1877.46 199 3
14 673.386403 493.664210 1949.67 267 4
15 825.314951 480.852279 1476.55 719 10
16 161.096247 670.198296 1122.28 570 8
17 342.105131 653.612885 975.93 431 6
18 510.316333 663.090813 1930.67 363 5
19 680.813693 675.490373 1954.42 426 6
20 819.125599 653.401686 1117.97 628 9
21 177.301397 846.095884 653.37 654 9
22 332.390695 826.324569 958.94 341 5
23 508.241194 844.006022 719.86 602 8
24 671.116292 827.465566 967.27 575 8
25 848.229702 815.604792 822.63 1038 14
CUSTOMER_SECTION
26 294.629750 881.158922 15
27 651.345783 998.414378 8
28 982.127281 141.977823 16
29 203.737876 238.256845 4
30 265.605035 710.809417 15
31 18.866731 127.281990 2
32 351.185922 193.278127 1
33 500.612744 388.165980 17
34 15.390152 420.509648 12
35 300.808223 921.191862 1
36 973.687380 790.110912 7
37 646.556580 852.948537 18
38 106.653958 916.013736 5
39 384.650269 548.332738 3
40 81.615263 313.169440 13
41 5.205408 50.200402 11
42 224.018163 902.739437 17
43 735.956151 657.429943 7
44 234.323518 240.922760 10
45 773.844502 51.436316 5
46 463.980164 290.866397 20
47 409.526855 484.273167 7
48 29.379364 423.898514 18
49 623.302778 711.332590 9
50 862.368984 379.376137 19
51 522.431813 965.080487 7
52 514.739931 358.537464 3
53 970.472274 972.308476 8
54 873.076859 318.649604 17
55 258.282725 851.348906 13
56 319.878243 663.918585 18
57 950.691707 921.370250 7
58 272.751977 515.200266 13
59 304.711334 773.688285 8
60 415.568993 440.508441 16
61 460.356932 232.625286 8
62 851.961089 302.072601 15
63 7.379055 634.775178 17
64 328.041222 996.135276 16
65 888.943566 312.026194 12
66 132.997555 943.130570 3
67 709.277018 478.441238 9
68 258.524990 68.230012 4
69 812.238233 380.002246 5
70 948.561495 81.878508 15
71 831.158565 335.984317 12
72 758.609807 660.457902 8
73 122.319192 496.383156 20
74 999.858856 768.486115 17
75 335.260774 944.384778 17
76 714.055862 953.043214 7
77 646.362860 433.818236 3
78 883.875687 367.658316 18
79 671.141067 797.349136 14
80 547.271833 965.964516 4
81 730.169553 3.704665 17
82 803.265721 174.528668 2
83 723.673751 638.010905 17
84 747.012897 805.571232 1
85 202.225583 309.743378 14
86 772.303839 763.668815 2
87 472.362726 980.655235 19
88 131.362589 521.749980 10
89 240.312643 591.126840 19
90 758.786642 540.529286 18
91 429.104660 646.715215 9
92 466.535115 795.721871 7
93 635.029105 780.121453 7
94 954.187842 515.197126 10
95 825.802362 870.709007 17
96 324.147902 38.133154 7
97 750.973782 205.390627 15
98 932.862389 174.307544 20
99 962.975539 949.431698 19
100 884.037121 298.730588 9
101 539.488215 628.783344 20
102 22.724520 555.389844 17
103 359.017860 277.270673 19
104 753.868304 579.766867 3
105 11.798103 278.127654 18
106 547.642269 899.902848 5
107 4.023401 215.688155 9
108 839.413679 823.080943 10
109 688.962709 268.599997 3
110 953.321159 553.370479 18
111 390.411963 273.167228 16
112 335.559135 927.414629 7
113 665.414454 185.598005 6
114 436.529449 386.931056 16
115 324.244304 386.450597 5
116 196.379198 669.127159 3
117 150.358566 127.440087 15
118 872.881960 704.635212 5
119 328.949759 180.089923 19
120 451.710443 952.001009 6
121 173.746106 164.964067 4
122 840.331633 309.466798 20
123 290.396101 515.562144 2
124 894.234028 832.678480 17
125 11.291658 846.348670 13
126 74.437052 192.638080 16
127 469.984715 63.768459 17
128 187.961359 622.835655 1
129 185.048133 852.450880 19
130 93.700603 929.647128 10
131 449.395040 166.395508 9
132 96.401160 121.971937 2
133 726.537651 999.229202 8
134 427.557097 660.198523 7
135 885.584894 313.072873 17
136 318.895163 614.954578 18
137 941.848932 704.543883 5
138 609.079607 816.474647 16
139 468.782546 654.633768 9
140 123.626719 492.621812 11
141 303.717175 342.342643 13
142 918.054686 966.381158 19
143 987.374390 701.072197 7
144 156.276435 77.101064 10
145 683.628529 248.676844 3
146 783.256551 733.579238 3
147 518.603070 941.246500 3
148 77.918603 561.376804 19
149 420.000141 282.209415 5
150 153.888122 249.039653 10
151 279.751810 418.391689 7
152 465.341762 422.604618 16
153 714.181271 729.152066 14
154 296.851344 593.613635 1
155 260.035596 994.792567 1
156 317.350789 930.888679 12
157 445.213708 687.088207 17
158 928.536398 513.972160 13
159 910.558350 476.463375 1
160 740.351405 273.671108 16
161 271.754402 269.176026 13
162 162.313921 523.100146 3
163 448.423390 363.194613 9
164 358.658094 224.444390 18
165 884.919634 62.896510 8
166 692.427351 959.757002 19
167 272.684531 216.492030 5
168 406.033547 552.196797 17
169 433.437560 235.685504 18
170 777.820765 994.299775 13
171 244.120614 757.346259 13
172 196.208208 453.038355 18
173 558.194879 275.387500 5
174 656.195655 735.119087 14
175 387.521788 363.792206 12
176 836.038210 546.589708 11
177 644.259111 689.874372 18
178 509.923027 335.460813 15
179 135.075319 690.327675 4
180 221.798970 491.836962 5
181 354.613262 184.456268 13
182 540.122870 979.424602 13
183 417.070811 555.544995 5
184 583.960403 315.117630 20
185 142.633229 296.510110 15
186 859.096386 462.979678 9
187 834.483987 865.530195 13
188 603.008333 173.775724 20
189 307.319379 724.546562 15
190 408.542745 667.069892 13
191 164.189476 944.427997 8
192 971.393306 723.197370 18
193 697.844234 315.820009 6
194 80.925422 701.315854 16
195 555.108202 590.597324 5
196 844.702555 506.575895 4
197 281.808908 760.407511 17
198 139.962814 55.938426 6
199 577.408586 578.125353 5
200 951.588800 148.286144 11
201 237.619057 243.590283 6
202 449.731804 797.302171 4
203 506.164256 50.312524 2
204 500.019451 803.187961 15
205 5.682422 408.146068 14
206 316.920911 527.351658 3
207 657.497040 836.019768 16
208 344.892597 31.776633 12
209 947.760170 760.627902 4
210 600.851216 962.297345 18
211 365.221679 625.060822 14
212 820.342020 977.588016 8
213 856.492892 888.959049 12
214 850.009477 419.099909 6
215 271.318427 408.805624 1
216 415.213610 744.671462 1
217 843.034845 456.637769 13
218 844.335991 646.840825 8
219 147.066309 658.590896 14
220 602.981705 741.206793 14
221 234.808772 597.599487 17
222 286.806437 335.519566 11
223 198.764833 638.059302 2
224 621.850314 707.843297 13
225 103.488922 489.167634 2
226 14.911496 982.675511 10
227 745.383630 666.859250 14
228 647.896445 985.681789 2
229 296.349524 633.510280 15
230 423.136136 643.984667 12
231 845.317929 596.357378 2
232 989.721242 858.248567 16
233 318.406563 155.012472 20
234 298.188612 253.620944 8
235 592.111649 274.111773 12
236 184.219980 116.619165 3
237 731.388741 224.755667 12
238 689.489219 175.356490 14
239 538.887707 636.540363 17
240 910.682580 712.968701 14
241 881.209036 532.624638 8
242 33.669602 955.356159 13
243 478.281590 582.866674 16
244 533.479104 853.172818 5
245 308.505879 394.453689 4
246 954.616616 514.808925 15
247 162.502567 467.461346 10
248 815.275190 894.767320 11
249 481.961304 431.086549 14
250 331.221174 786.161808 13
251 724.084449 191.430581 17
252 519.341960 858.483520 10
253 84.303627 365.437846 17
254 638.181393 441.810891 14
255 16.173746 873.966447 16
256 766.866261 381.430283 11
257 484.709197 696.101131 10
258 416.293489 996.605295 14
259 520.269194 133.549463 19
260 259.323308 708.050688 20
261 48.964242 747.852162 20
262 748.622197 704.541769 10
263 848.696444 871.447973 13
264 766.032832 293.744628 16
265 856.355215 939.717441 11
266 889.165246 651.940879 20
267 432.146957 270.736888 17
268 131.477406 759.995506 3
269 663.506441 411.891831 11
270 841.339592 907.420798 5
271 228.909539 69.434992 6
272 980.590792 812.619199 15
273 378.882873 487.956025 3
274 976.742162 670.411345 11
275 123.237132 374.233738 3
276 340.203012 481.941184 4
277 986.151281 821.332820 17
278 47.578923 739.987660 6
279 930.440068 186.575352 19
280 441.975871 787.065102 17
281 849.773402 464.389350 7
282 630.794031 772.606388 15
283 323.869805 746.114535 4
284 35.774047 719.400209 13
285 571.671080 947.075213 1
286 971.845671 337.087169 1
287 151.720790 817.255329 1
288 494.667544 11.385591 13
289 378.228353 291.150796 5
290 170.320833 723.922347 15
291 887.724910 997.825714 3
292 896.711704 808.400816 4
293 301.534290 615.981068 12
294 362.086314 969.963117 1
295 490.771876 933.634284 6
296 58.185690 689.362804 13
297 509.218841 781.268667 11
298 272.149177 38.028103 16
299 119.684195 477.609599 12
300 48.218475 261.783696 19
301 200.256424 31.211804 10
302 747.862420 76.484538 15
303 632.744508 826.249201 14
304 19.618904 860.766194 17
305 253.166056 125.462959 3
306 49.193517 848.550294 19
307 391.532767 670.343369 4
308 359.476530 265.923598 15
309 925.647323 630.882495 9
310 502.970958 311.265396 3
311 795.650913 152.137482 20
312 47.939951 527.461345 1
313 812.044429 674.396183 11
314 825.314474 885.557517 13
315 627.947009 502.217199 11
316 430.362525 671.553584 20
317 124.727750 717.778224 2
318 626.884993 216.559275 3
319 609.871982 537.402157 3
320 580.974278 789.383569 10
321 932.296633 913.474707 13
322 218.667429 920.328415 9
323 795.650614 943.419807 2
324 122.961907 427.861831 6
325 699.792013 20.925463 15
326 740.856022 232.489369 7
327 787.429424 525.446664 17
328 116.203677 840.002027 9
329 82.958722 674.135869 6
330 652.012185 775.966320 18
331 492.949314 83.022070 2
332 278.826177 303.164624 11
333 94.255342 786.580222 12
334 649.100248 698.989709 17
335 809.295845 686.358758 6
336 158.911536 513.218180 4
337 658.174900 742.545288 13
338 113.677674 440.240360 19
339 442.983696 676.612937 10
340 766.108901 428.697429 16
341 1.487851 149.863756 3
342 227.243561 479.330659 8
343 775.076911 579.823268 4
344 922.596469 371.776104 20
345 293.733239 956.832786 5
346 914.389008 978.683139 12
347 876.846856 426.461115 7
348 556.582484 70.281928 11
349 518.975557 734.215799 5
350 870.316598 472.300623 15
351 166.213224 356.815470 19
352 447.011166 505.240237 15
353 607.681215 344.854690 8
354 535.404198 936.348967 12
355 304.020819 726.857618 20
356 554.557584 162.809190 10
357 50.587192 890.436613 13
358 514.363825 843.053108 15
359 796.658520 320.855121 4
360 106.346030 351.412803 6
361 474.922428 149.353297 11
362 324.017290 346.915394 2
363 500.863471 550.569500 10
364 785.600863 319.195861 8
365 141.862075 761.660248 15
366 532.205194 388.260735 16
367 395.381899 437.303264 5
368 19.021910 59.961600 19
369 314.260249 45.814428 7
370 399.234377 237.888601 14
371 494.684700 115.911896 20
372 998.596551 220.432216 10
373 173.444827 144.437723 7
374 93.328803 136.187658 5
375 948.941801 865.191998 9
376 539.928935 946.380467 9
377 583.131835 821.172402 1
378 675.135862 606.250472 8
379 927.680455 283.744450 13
380 757.685160 964.809491 16
381 994.905686 637.708111 4
382 316.188677 519.574569 6
383 764.816782 517.068216 1
384 542.979790 107.385285 15
385 100.344683 281.742101 17
386 889.475995 680.906107 18
387 198.819246 562.364448 15
388 423.982431 290.190845 3
389 568.718107 374.121618 18
390 957.207844 824.939029 11
391 241.683167 497.240496 18
392 699.134925 832.598331 19
393 281.783778 131.403785 2
394 23.723311 625.806582 4
395 905.936259 735.511265 8
396 473.422282 113.231572 14
397 936.433517 424.841206 15
398 27.010050 576.201651 15
399 899.883045 89.334410 10
400 736.230015 766.090626 18
401 18.547582 468.271264 14
402 912.892792 24.775990 19
403 869.383598 784.482837 8
404 792.206663 617.124998 2
405 107.301775 294.177757 17
406 769.133493 193.844988 16
407 468.512349 870.997574 2
408 807.752964 298.813553 19
409 303.123499 558.065607 17
410 142.683350 9.279059 8
411 600.045976 431.542234 1
412 48.630091 762.607556 18
413 962.070658 0.546649 14
414 235.002959 581.784117 15
415 966.294985 508.243386 14
416 976.381495 467.440463 4
417 139.135542 73.126734 3
418 716.551891 179.858439 3
419 986.147155 885.565275 18
420 491.991010 654.581189 7
421 177.793880 616.218989 2
422 605.063087 932.277328 10
423 976.192750 135.898896 1
424 871.130906 534.160494 8
425 660.998046 333.554257 8
426 135.507273 773.798372 17
427 722.956762 117.975975 20
428 215.267202 211.136988 5
429 366.827568 401.694493 11
430 96.659332 838.427311 15
431 774.320387 775.523247 15
432 585.967709 661.365556 7
433 195.488346 378.280821 2
434 445.132736 782.973427 20
435 358.577562 767.639343 14
436 769.569010 126.499393 8
437 399.798201 19.018698 5
438 535.152958 679.320607 9
439 852.245940 65.645263 2
440 588.687397 233.774660 11
441 943.707906 707.052925 6
442 752.348762 820.409438 9
443 313.265807 629.352338 7
444 564.729666 601.512360 18
445 811.543390 895.398113 4
446 843.102684 942.485977 12
447 614.933904 845.311689 9
448 720.019485 965.824092 14
449 926.770555 0.167795 2
450 284.365081 732.897329 11
451 10.684244 260.327953 10
452 885.194106 781.203899 7
453 372.825570 972.107862 1
454 26.007808 873.669717 14
455 422.519117 800.489993 1
456 168.095808 928.367235 17
457 356.340525 704.825917 4
458 410.717870 967.473804 14
459 735.135912 644.314804 6
460 361.108223 590.047985 11
461 561.929662 536.473564 5
462 750.980636 210.252710 2
463 956.913881 508.712755 6
464 24.305816 865.499975 4
465 243.187983 741.454891 18
466 787.398401 544.530167 12
467 388.085949 907.313334 5
468 37.498636 468.715939 11
469 803.290067 525.332861 11
470 731.439437 779.566662 19
471 660.614635 312.343871 11
472 22.905106 638.259207 19
473 680.943242 537.709423 11
474 635.928313 356.234115 3
475 118.786540 288.830238 1
476 34.761637 751.436322 14
477 355.932303 725.027641 2
478 114.459407 499.955058 19
479 594.699955 203.393262 4
480 273.244976 759.179179 7
481 965.308497 234.754972 2
482 988.049046 590.710795 16
483 863.772458 958.529705 8
484 201.125063 303.750983 14
485 417.181798 675.171839 7
486 61.348075 34.872599 5
487 560.919616 971.198028 16
488 215.988766 517.076256 2
489 650.529358 501.947992 13
490 631.444805 84.894594 20
491 693.451076 463.659341 20
492 566.608908 518.857901 10
493 1.193106 754.972138 3
494 918.376789 406.290060 16
495 863.701608 603.429241 15
496 685.904919 595.697127 6
497 953.985887 215.318589 18
498 442.947531 592.552455 10
499 223.814793 176.955950 16
500 199.593424 570.889590 18
501 254.082830 461.058410 17
502 277.091811 725.267658 13
503 689.356435 457.712204 16
504 541.670713 815.849732 8
505 214.440070 13.241426 5
506 160.319697 607.791261 10
507 893.692090 469.014624 17
508 805.560080 576.001568 19
509 774.583195 723.241564 17
510 773.979129 518.665757 15
511 333.721986 54.699404 7
512 555.622442 65.105672 20
513 655.929843 696.875696 2
514 902.318559 217.769434 2
515 794.682435 34.470626 10
516 703.469061 743.365570 13
517 431.034979 885.181594 4
518 513.880047 514.739796 16
519 835.828861 828.451157 2
520 301.186761 421.359945 3
521 38.294930 72.130253 15
522 764.468419 636.087101 7
523 949.554836 256.088582 9
524 474.525144 23.249452 13
525 233.808461 916.202768 15
526 583.911446 27.066302 14
527 436.908055 553.190075 13
528 115.795799 612.586208 11
529 145.343004 58.368169 9
530 517.428284 358.029701 12
531 166.445110 923.237296 12
532 977.839176 539.773256 1
533 896.703696 933.385655 16
534 150.017450 159.970999 7
535 185.779011 793.916221 16
536 931.302412 940.852630 1
537 920.232489 452.095599 4
538 776.901385 452.114210 19
539 999.596754 88.983948 16
540 301.939220 79.571501 8
541 499.493416 630.766985 8
542 907.114218 868.366600 7
543 504.948374 273.744566 10
544 343.324106 860.954394 7
545 929.916195 987.187177 2
546 350.802232 692.397290 1
547 232.551250 637.203334 2
548 999.051228 502.226161 19
549 297.446063 794.505899 2
550 571.222790 396.205031 7
551 332.559409 419.737848 1
552 885.632556 550.380692 4
553 658.488742 285.017181 1
554 423.176551 425.151398 20
555 706.422621 878.389540 2
556 328.637667 420.176357 10
557 696.012089 126.649747 7
558 55.812197 20.784240 19
559 962.244086 362.946397 4
560 107.720119 758.957846 10
561 781.950498 712.685949 12
562 891.027898 264.350480 9
563 730.030700 847.301840 7
564 44.585457 25.057710 9
565 205.129526 224.870588 5
566 128.830621 245.570189 3
567 871.797305 674.080640 3
568 571.560558 890.592277 7
569 466.834553 734.291024 9
570 916.360575 658.133117 14
571 513.780984 279.967222 10
572 493.110617 795.885188 6
573 530.123309 628.936642 5
574 606.454435 713.416259 13
575 952.422541 843.110613 14
576 24.995770 715.013545 11
577 59.668479 816.667878 19
578 595.098582 398.002808 12
579 612.352790 581.517651 15
580 567.768767 174.351090 2
581 167.873845 501.980663 12
582 339.272027 420.761746 3
583 950.407789 339.266265 20
584 57.160380 877.719132 3
585 453.887001 844.034627 1
586 365.877506 724.716184 12
587 891.599487 122.800273 19
588 567.090976 754.385441 15
589 512.456558 156.385797 3
590 647.096990 433.193243 4
591 677.614439 801.659771 17
592 758.411666 574.859756 1
593 908.263205 973.650300 9
594 375.048179 848.084738 19
595 780.991537 714.837837 5
596 883.433070 909.889255 15
597 148.535774 112.998808 17
598 571.445454 162.330905 20
599 779.881846 739.949317 4
600 229.766503 613.073479 16
601 215.561881 54.765300 13
602 432.584101 925.994156 7
603 320.885402 869.949802 8
604 273.882627 383.325655 16
605 85.694404 498.639516 2
606 550.089877 641.238051 10
607 828.766174 926.324988 14
608 205.782363 541.131834 13
609 942.757187 20.266110 20
610 139.825849 497.958617 1
611 335.014156 437.899860 11
612 672.719160 74.253531 7
613 976.620068 640.962512 8
614 885.572807 863.640024 2
615 978.245426 119.205816 9
616 323.300644 658.713537 6
617 807.941858 356.930626 16
618 248.900426 413.194575 10
619 35.112196 236.721213 5
620 293.392950 499.270752 14
621 552.393937 14.583101 12
622 200.165109 640.697459 20
623 979.545497 73.258909 4
624 187.653285 322.177194 8
625 339.316784 978.289667 7
626 789.213690 704.013222 11
627 444.313706 117.689374 4
628 287.003761 714.940303 7
629 133.333197 140.133310 8
630 921.495177 522.261417 18
631 320.493678 291.035666 7
632 451.113538 613.348064 16
633 241.137957 131.513357 1
634 242.315122 93.303622 16
635 372.052335 242.381323 2
636 386.998931 526.842488 5
637 370.673046 405.196432 15
638 370.171276 250.837667 4
639 307.710414 935.496449 16
640 473.416811 472.134670 2
641 272.792970 254.733299 15
642 350.866656 193.039425 11
643 74.042095 178.242622 12
644 112.686890 541.303046 18
645 978.274788 286.074788 9
646 46.407085 122.298317 15
647 324.497911 983.522952 4
648 564.330875 29.359056 2
649 154.456477 444.721914 13
650 161.985422 490.238910 5
651 259.903195 711.138169 6
652 651.206137 435.486214 10
653 803.746060 736.569674 5
654 231.336166 71.652438 15
655 831.971936 675.590820 9
656 144.006857 131.770224 20
657 481.407236 825.659681 7
658 907.266665 174.124254 6
659 91.916931 513.379016 10
660 891.089439 839.079187 8
661 242.313378 817.355160 5
662 559.871064 333.945156 1
663 398.384188 413.278784 18
664 518.597469 772.032929 7
665 756.992270 537.277045 19
666 700.325866 740.410232 14
667 106.735832 75.731128 18
668 833.673552 705.296251 17
669 945.989914 36.705297 8
670 160.799979 418.911939 1
671 130.052382 371.268958 18
672 460.650818 436.965958 16
673 376.972284 190.008737 16
674 71.740262 417.108454 20
675 864.116953 418.399107 8
676 314.682343 408.378934 20
677 829.534787 248.143441 15
678 290.817711 659.677382 9
679 601.823369 532.125758 11
680 295.082165 780.898029 4
681 859.488231 51.746267 11
682 883.356081 411.725448 9
683 693.633173 345.519751 5
684 789.300385 363.880666 2
685 135.082210 562.044427 1
686 298.888174 446.635350 11
687 695.501379 428.246598 1
688 741.740051 62.482817 16
689 41.088715 984.619142 11
690 514.344995 700.410455 2
691 71.259260 994.839458 17
692 150.115239 413.116915 6
693 526.130452 111.360883 16
694 54.769015 452.235128 11
695 507.127220 702.887195 6
696 162.904084 222.933210 19
697 857.007545 972.128757 10
698 489.725590 534.133033 2
699 847.233513 824.534648 11
700 939.658704 444.615763 9
701 590.643358 891.083749 6
702 886.220205 552.425705 14
703 544.916597 970.880446 5
704 143.256241 17.065925 16
705 229.486688 523.236334 8
706 981.373743 882.115017 18
707 172.725330 551.395349 5
708 550.315419 163.524680 15
709 979.840679 647.057926 15
710 648.165507 730.168789 9
711 380.930876 501.988457 18
712 650.305525 277.764837 12
713 582.979650 98.826914 19
714 508.538480 64.408828 7
715 371.105637 658.340798 11
716 736.707496 496.496015 10
717 279.384134 462.561541 19
718 7.782139 244.465525 10
719 35.951218 968.563697 17
720 610.147789 621.466047 1
721 215.685284 466.014364 16
722 909.393253 547.295250 12
723 926.342037 917.774836 20
724 648.829046 820.869867 15
725 924.135335 810.669375 2
726 763.845572 889.978738 9
727 271.016589 161.938070 18
728 613.469739 696.040695 13
729 570.747637 981.155751 13
730 981.252991 996.428614 4
731 881.699638 973.305497 16
732 84.262369 19.009731 4
733 791.912852 536.899540 11
734 877.954212 398.948337 4
735 189.112442 479.306940 4
736 495.495321 934.258323 8
737 265.892250 14.973086 17
738 853.612389 813.948466 15
739 854.482332 900.790722 12
740 731.039927 348.624090 15
741 397.502558 105.292442 11
742 838.543480 620.999586 12
743 574.983656 722.744737 1
744 100.003317 201.529869 16
745 81.143276 525.909632 15
746 973.735588 140.400088 12
747 429.497815 247.432053 12
748 551.635817 86.802758 5
749 649.020325 353.460621 3
750 923.365680 127.477047 17
751 930.679117 545.520060 4
752 549.996913 188.098561 19
753 609.713945 936.399628 18
754 913.863530 814.987233 17
755 161.862779 606.508782 11
756 101.470262 441.379843 4
757 40.318664 424.032355 20
758 129.119117 618.045244 2
759 665.786194 120.940558 3
760 216.186093 349.002468 10
761 593.700216 714.735619 1
762 977.229475 344.437195 4
763 28.149073 92.525059 5
764 756.942894 586.732418 17
765 601.950955 175.757036 4
766 139.166283 616.533728 2
767 236.872836 401.307147 10
768 967.044178 252.581638 1
769 526.694277 225.545861 18
770 562.042738 415.866051 1
771 650.627339 239.343718 2
772 645.552643 603.351871 2
773 100.620835 354.385202 1
774 182.663342 383.281600 6
775 476.486680 297.150763 8
776 187.021864 678.523628 4
777 811.819362 673.547301 18
778 23.055333 19.896319 7
779 768.711844 735.301054 10
780 987.083243 353.355210 11
781 918.916984 970.123984 2
782 880.680425 9.410601 8
783 435.234503 739.581522 2
784 838.714932 649.212791 13
785 340.446663 186.726271 5
786 514.149395 805.740153 19
787 641.982242 456.602039 6
788 761.182366 988.183518 15
789 149.505386 643.647758 9
790 303.989159 209.705238 5
791 881.456962 471.153660 6
792 986.887098 678.219290 14
793 987.269003 13.521114 10
794 829.990992 417.805734 10
795 174.036408 406.863910 7
796 513.633671 401.100784 17
797 958.501381 157.862372 5
798 667.698115 716.206210 16
799 949.821892 7.748201 10
800 703.196335 479.035859 7
801 597.012168 125.362027 8
802 629.682265 191.264745 14
803 575.180294 907.026001 20
804 623.881523 956.171510 8
805 858.644550 991.166715 11
806 706.717226 102.645504 5
807 735.530687 883.676542 4
808 68.577867 607.317593 7
809 728.835843 108.255611 16
810 143.331860 138.957610 8
811 426.906539 522.958289 2
812 666.454381 898.524379 7
813 692.732768 80.776499 3
814 161.134546 757.467495 12
815 128.309202 802.413531 15
816 206.331732 506.682036 14
817 100.619000 51.646126 6
818 762.348050 572.577120 6
819 630.638673 722.088735 17
820 977.795000 888.715683 12
821 796.649777 383.025829 17
822 0.956248 187.093905 8
823 822.967832 70.490185 1
824 51.062077 991.752747 11
825 787.720024 797.143820 19
EOF
