# seed=2007
# generator_version=0.1.0
NAME : medium_tight_b
CUSTOMERS : 1000
DEPOTS : 30
VEHICLE_CAPACITY : 80
ROUTE_FIXED_COST : 30.00
DISTANCE_FORMAT : COORDS
DEPOT_SECTION
1 683.370078 533.973164 1095.18 335 4
2 196.350943 609.923390 977.48 207 3
3 263.745834 660.424415 997.83 269 4
4 653.883688 99.707020 1321.99 183 3
5 656.761123 232.678098 954.98 363 5
6 639.659505 248.466387 1233.09 279 4
7 880.708338 867.269588 993.71 879 11
8 593.883417 280.188734 1392.88 469 6
9 741.712901 526.417252 1798.11 197 3
10 214.898706 679.779047 1799.96 473 6
11 316.896643 644.271039 1110.78 209 3
12 709.512539 105.392914 1121.79 655 8
13 638.782819 157.972305 903.42 354 5
14 656.633753 187.480444 1902.07 195 3
15 963.434267 738.940007 1754.49 190 3
16 555.939488 271.785127 1406.33 345 4
17 758.438005 494.864056 726.74 629 8
18 196.596285 608.000978 1447.00 349 5
19 251.743617 619.193285 1883.61 473 6
20 678.797371 88.871616 1902.13 303 4
21 642.407657 235.612668 1120.31 69 1
22 706.439086 195.446571 1547.25 967 12
23 953.373691 830.639798 1423.69 542 7
24 529.233820 252.520998 1514.07 489 6
25 820.890857 558.972209 1400.53 375 5
26 224.770629 720.786955 1274.06 562 7
27 353.576922 617.621728 1891.96 577 7
28 691.098376 141.042416 1580.07 244 3
29 634.104015 245.175810 1682.99 180 3
30 648.036781 129.734580 903.99 118 2
CUSTOMER_SECTION
31 868.259050 731.013774 11
32 875.604645 758.835163 15
33 267.062935 594.631338 16
34 782.515774 0.000000 9
35 553.953170 420.826285 12
36 671.230918 224.935955 9
37 677.984039 468.627398 18
38 112.514125 812.312620 18
39 757.261850 366.080799 16
40 223.697063 554.164166 15
41 194.233590 687.969841 6
42 946.895203 943.301453 7
43 449.861910 602.160962 4
44 581.990704 254.029773 2
45 732.519913 538.265473 10
46 563.355816 236.807404 16
47 670.473594 118.606488 12
48 898.675328 966.054494 15
49 929.740040 1000.000000 18
50 229.494623 754.724581 12
51 411.296814 590.370272 3
52 189.241696 693.994439 12
53 247.490386 631.301861 11
54 619.701450 496.150498 17
55 539.986376 254.377746 8
56 327.167152 694.151461 17
57 340.874415 567.760566 16
58 732.340291 387.829299 6
59 287.222249 696.576229 6
60 675.868885 84.375847 7
61 494.303014 261.586019 4
62 824.118018 635.499048 3
63 783.655883 4.649409 18
64 518.669900 299.303345 6
65 695.443108 0.000000 9
66 282.117053 642.175042 7
67 551.766192 148.955543 20
68 227.229494 583.235271 14
69 910.567680 476.457678 18
70 730.282403 237.703759 15
71 933.297228 845.260398 11
72 578.355269 280.795564 13
73 464.955634 673.200265 20
74 873.681625 279.481032 4
75 235.719949 763.226705 5
76 113.152737 697.695769 1
77 556.675795 153.074930 19
78 635.435734 287.493568 12
79 704.557762 633.636204 5
80 640.775729 316.674778 2
81 850.593161 203.255025 2
82 449.344747 606.745183 6
83 192.090428 617.176964 9
84 863.669418 424.722157 11
85 248.701170 677.503912 16
86 395.251310 467.937944 6
87 308.834014 661.216069 4
88 359.373517 680.222045 11
89 782.186783 426.985070 12
90 321.439075 615.033280 4
91 642.263364 407.028500 14
92 322.357455 501.915340 1
93 1000.000000 865.790021 13
94 775.718462 405.605746 8
95 224.056562 535.126614 15
96 194.609194 712.712475 8
97 710.589582 375.561776 13
98 854.623511 456.003988 13
99 234.675465 682.662548 14
100 823.217681 576.765826 19
101 755.098904 116.820747 6
102 580.690313 86.807932 20
103 323.172694 580.714442 3
104 530.748508 290.869727 6
105 119.668210 655.324221 14
106 786.511713 76.317427 3
107 732.608035 555.399038 20
108 586.518414 194.743840 5
109 533.823971 305.087937 12
110 709.575166 551.932651 11
111 622.278593 156.547723 7
112 369.191322 664.326987 4
113 719.945172 111.517311 8
114 273.823824 438.336580 3
115 846.009946 158.237189 9
116 152.878287 662.464375 10
117 618.145490 210.317870 2
118 856.487466 941.718154 18
119 747.633731 536.342577 2
120 708.485256 181.947328 10
121 261.929795 517.911913 15
122 933.008376 792.370782 12
123 701.773583 474.127686 2
124 624.892633 174.903648 10
125 571.264583 289.683780 2
126 659.947607 273.223948 9
127 784.192290 205.900133 8
128 693.131244 165.317064 16
129 743.606785 68.063576 17
130 415.177824 318.792610 8
131 683.955647 43.318752 14
132 115.834438 662.622198 15
133 639.594402 269.627720 5
134 540.060655 331.308025 10
135 528.138709 408.148103 6
136 717.498318 420.886777 10
137 823.385974 430.010108 13
138 241.778812 678.568905 12
139 698.876677 161.487001 2
140 348.722366 466.971257 16
141 702.420106 279.989590 17
142 900.943807 939.058493 11
143 291.309117 676.406779 20
144 888.764205 909.256245 2
145 615.813360 263.384691 15
146 277.130834 560.639833 10
147 597.215132 82.461985 7
148 834.054683 866.692406 2
149 121.430670 742.881978 15
150 762.838778 116.345546 10
151 467.820233 207.404517 18
152 645.389081 578.310984 10
153 347.719914 841.982696 14
154 874.744670 1000.000000 8
155 689.239129 209.033230 1
156 349.087066 622.758520 1
157 784.588580 128.467134 10
158 843.410839 840.659556 5
159 725.635463 206.461224 1
160 851.854588 792.534420 2
161 880.625509 470.810669 6
162 588.878830 228.079806 14
163 189.447588 713.954603 7
164 793.206097 329.353443 5
165 553.374174 566.659731 12
166 309.516458 668.188532 4
167 123.272796 664.931360 17
168 749.029536 199.007492 17
169 724.046563 501.286073 15
170 750.114094 166.319378 7
171 944.579075 21.827448 18
172 332.097228 528.360120 12
173 355.566011 626.117037 18
174 986.201987 892.362266 9
175 767.396291 794.823860 2
176 760.668126 21.072391 2
177 238.096918 644.104271 8
178 532.661922 237.506309 3
179 320.641876 576.466215 8
180 669.888374 197.892627 10
181 827.783566 66.685290 7
182 687.484272 159.750140 14
183 983.439893 865.733189 10
184 846.683807 0.000000 1
185 676.647991 306.395662 11
186 950.253356 714.978455 7
187 799.750813 49.615391 2
188 270.475664 593.547212 10
189 300.974375 701.246859 3
190 363.362891 803.916384 19
191 291.794516 608.466638 14
192 730.288631 132.091460 14
193 888.897647 1000.000000 13
194 185.539031 667.272564 7
195 670.131093 118.425242 2
196 821.331886 111.825381 2
197 512.058612 418.031509 20
198 677.840953 164.138913 7
199 319.364586 739.948650 15
200 659.538242 261.344160 2
201 930.106115 239.648137 16
202 582.150756 248.368596 1
203 629.379357 238.744364 16
204 611.540088 150.030245 14
205 778.364381 277.522374 4
206 748.858314 186.306295 3
207 232.841397 526.822163 2
208 1000.000000 890.522836 8
209 677.623386 491.378878 16
210 190.708987 630.381388 13
211 674.887648 182.152493 7
212 701.207065 123.037308 20
213 925.801820 824.186225 10
214 1000.000000 737.336071 16
215 689.522432 215.293369 5
216 263.523327 617.759469 3
217 819.219759 245.347232 5
218 667.235034 220.212223 9
219 877.308523 677.015590 7
220 873.539533 482.587174 6
221 240.824926 748.631991 19
222 362.123014 531.585894 17
223 747.257025 159.621730 1
224 756.746624 249.760872 1
225 654.476398 309.985485 13
226 633.993613 512.721042 11
227 658.629295 338.014112 1
228 632.830048 202.166733 13
229 736.860183 252.417521 5
230 690.223701 105.397675 8
231 659.182884 300.207382 19
232 680.442506 194.155550 3
233 444.740832 242.507354 7
234 689.681334 269.757602 16
235 885.865275 1000.000000 7
236 621.343432 159.753341 1
237 330.138780 597.487526 12
238 761.976658 133.881500 4
239 710.624465 45.049792 13
240 757.842658 557.609081 8
241 697.871333 103.248133 18
242 266.945442 711.590385 11
243 848.685509 569.473057 11
244 283.123970 687.561270 8
245 680.817186 122.527304 6
246 427.848338 413.489031 10
247 686.633290 536.976866 15
248 463.506536 251.562543 8
249 860.363716 584.308701 12
250 604.731452 237.204182 18
251 680.548481 230.676692 15
252 883.588759 843.951366 17
253 694.019003 242.451791 16
254 705.264611 25.026585 7
255 918.822442 767.739782 9
256 166.075133 597.830949 3
257 168.314325 692.097218 20
258 501.318508 273.810754 7
259 703.807206 219.439426 10
260 663.481343 399.865385 20
261 265.929142 665.786663 14
262 749.663918 843.843935 3
263 694.989058 186.663038 16
264 702.722681 195.601064 12
265 927.109698 893.815986 4
266 747.374795 272.496819 1
267 81.908391 571.811170 7
268 320.037143 644.948781 8
269 265.602632 526.333926 11
270 270.990180 465.335006 13
271 547.737870 221.821160 7
272 652.878704 223.919143 4
273 263.504214 658.608408 6
274 382.762239 644.968216 4
275 653.862409 226.915711 5
276 809.812027 506.178417 13
277 716.034621 255.310631 9
278 225.705372 537.372874 7
279 477.690162 310.819541 6
280 241.677937 586.312343 4
281 971.847167 769.504399 15
282 784.785288 374.995021 20
283 740.029613 214.277146 7
284 554.220500 270.438290 19
285 445.399400 248.187938 2
286 86.124240 739.124649 6
287 705.977150 214.959705 7
288 863.279248 165.629031 9
289 729.283233 274.125246 15
290 850.782018 464.054135 2
291 508.555927 298.353568 8
292 616.884387 411.358027 11
293 943.084932 399.544242 18
294 749.116829 177.482364 4
295 773.247295 355.862235 14
296 775.317372 442.933577 11
297 681.890033 184.764382 7
298 108.891695 779.216207 17
299 731.168838 232.271149 10
300 749.229561 190.672343 5
301 428.284328 225.440706 19
302 564.614006 222.051045 18
303 207.804753 781.818951 12
304 366.428760 523.660479 9
305 964.761620 814.738418 9
306 203.932014 660.585740 14
307 486.460460 222.801810 3
308 177.476170 638.706473 9
309 571.413540 274.091166 12
310 490.467249 357.484842 16
311 993.646729 951.219343 16
312 882.142180 1000.000000 11
313 870.734242 189.652026 19
314 822.709594 833.108010 11
315 756.103918 135.322883 14
316 770.844744 137.391825 16
317 750.379132 39.269962 1
318 720.836763 151.850127 19
319 784.716943 226.826154 2
320 671.874682 112.766734 15
321 727.961000 12.963208 3
322 773.686421 579.707368 11
323 735.979021 381.518789 1
324 565.083250 179.662651 19
325 765.233422 185.556722 17
326 376.531399 639.874589 17
327 889.274409 890.821139 2
328 1000.000000 977.716468 1
329 833.259399 541.608595 4
330 190.430540 593.049114 18
331 756.235526 187.045357 10
332 808.516569 830.527734 19
333 1000.000000 802.729104 13
334 905.222518 841.160273 2
335 700.735669 194.088793 9
336 721.362881 382.707614 12
337 885.427675 878.122163 4
338 271.901202 672.030458 3
339 682.186875 536.053895 14
340 969.064451 780.615819 2
341 694.867742 267.588077 10
342 575.124318 278.202195 13
343 822.945434 877.748114 12
344 268.649144 687.218560 11
345 637.587631 119.071512 18
346 742.283230 544.345432 6
347 463.625835 351.315261 17
348 813.382557 572.803394 14
349 167.721495 545.225225 12
350 387.408193 672.607318 18
351 797.166105 95.979081 17
352 953.280044 930.498377 9
353 272.690645 664.316589 10
354 247.969722 726.823143 8
355 805.545074 141.425895 3
356 471.305937 240.671285 5
357 705.695940 298.977119 12
358 321.519780 578.040750 14
359 233.514650 659.875262 19
360 313.196248 558.028736 5
361 206.133048 770.395021 18
362 506.486557 208.099646 16
363 935.731186 832.525363 9
364 766.100021 38.102748 5
365 704.868451 132.535415 12
366 542.896267 138.785075 2
367 481.732850 243.802958 15
368 754.143351 93.636010 17
369 603.556213 150.186484 16
370 179.991989 800.816046 16
371 238.716036 677.218141 6
372 774.317124 423.636955 8
373 916.146578 786.439389 17
374 745.636702 460.447812 15
375 627.345707 222.502826 13
376 815.712582 310.003486 17
377 710.103949 224.059313 7
378 670.770454 156.143056 14
379 736.204597 511.893713 15
380 596.865272 149.192895 15
381 716.876610 172.871346 14
382 745.460615 211.129856 15
383 627.987885 323.269839 3
384 544.770909 180.274848 13
385 220.966335 783.258550 18
386 904.511054 585.574613 17
387 1000.000000 997.987171 19
388 243.102848 612.937178 17
389 537.246529 195.789250 3
390 651.043781 141.896924 8
391 538.370762 183.226615 5
392 275.752077 530.733480 9
393 295.020109 698.523477 3
394 185.996489 531.438753 11
395 233.542095 693.608963 12
396 665.743513 232.055382 15
397 671.585372 26.482760 20
398 813.152300 174.942318 6
399 299.720206 639.549311 4
400 811.006827 109.880492 13
401 272.785386 634.669519 11
402 321.494784 635.854481 15
403 711.355318 17.517754 17
404 263.546929 586.127668 13
405 824.208596 121.796197 8
406 828.772288 961.443721 11
407 965.630349 948.082912 3
408 758.421585 866.044413 19
409 633.645093 127.535494 3
410 643.690288 191.264493 4
411 667.755626 260.825977 4
412 1000.000000 900.494569 10
413 1000.000000 954.430778 15
414 803.874056 86.458817 5
415 693.292030 111.748798 16
416 882.468985 881.935266 13
417 646.683986 284.510566 16
418 763.950981 198.561251 6
419 744.425252 233.383708 3
420 667.271479 86.534708 7
421 163.008553 758.008992 14
422 749.796913 103.492821 7
423 728.878985 574.686460 11
424 661.673885 181.116047 16
425 827.456044 246.258347 14
426 384.375929 701.810255 15
427 643.251289 248.249634 12
428 177.654961 587.788982 20
429 662.414745 17.685671 6
430 465.117575 152.063388 6
431 869.985446 1000.000000 20
432 545.845782 270.098088 20
433 931.082386 841.740518 15
434 638.186307 254.099116 9
435 427.760143 706.125053 2
436 621.532606 266.558641 5
437 650.312037 527.093083 5
438 569.215438 212.232684 12
439 596.593077 157.449152 12
440 1000.000000 968.941736 1
441 152.722804 691.294648 7
442 38.718008 512.583520 3
443 851.646266 1000.000000 11
444 811.918580 525.364331 10
445 886.158631 507.869207 20
446 481.962580 219.391581 1
447 151.827983 685.791671 8
448 622.596559 341.543754 13
449 861.567572 377.872208 14
450 623.879023 297.981649 6
451 545.726676 435.604189 14
452 748.072461 180.134905 11
453 318.069100 612.628885 3
454 755.355113 484.782792 17
455 894.831415 923.853549 9
456 275.205867 679.747537 3
457 81.745755 629.473978 19
458 352.835252 543.096529 10
459 689.613395 54.347711 13
460 216.255683 662.581670 3
461 668.541725 115.846776 16
462 994.935429 787.834833 14
463 766.884036 186.740339 8
464 659.070126 0.000000 17
465 795.719856 514.244208 2
466 626.739890 318.204152 14
467 674.744992 537.539887 3
468 646.004101 179.173212 11
469 579.485456 318.052623 1
470 251.493431 604.159323 1
471 255.831143 622.854154 10
472 607.278017 80.758254 17
473 766.967544 187.365136 6
474 557.142148 414.830774 3
475 218.095053 723.453416 14
476 290.408631 655.396064 18
477 106.717448 556.332800 19
478 701.691150 178.846386 14
479 886.119598 845.342893 20
480 285.366681 484.938066 11
481 713.187948 142.105220 16
482 573.790008 188.883939 3
483 649.884211 135.311074 19
484 725.209586 245.694040 11
485 777.932151 527.385089 16
486 690.864074 22.857881 18
487 513.788916 361.188053 6
488 621.131852 289.117389 10
489 370.873825 639.827899 5
490 557.115957 200.027261 3
491 583.180014 213.125125 11
492 858.663923 74.851411 6
493 485.407558 135.502143 11
494 794.789788 215.529228 8
495 608.081544 242.643964 8
496 616.498283 291.810271 6
497 599.915675 44.936060 11
498 177.843099 662.997164 1
499 660.947226 236.291724 3
500 748.969417 278.963825 15
501 205.559252 604.040682 9
502 595.275946 201.537912 3
503 709.207110 522.823878 12
504 670.881003 277.104810 1
505 667.523280 470.434984 6
506 939.755666 893.843625 3
507 883.764949 207.500506 5
508 826.400333 551.150526 15
509 882.334983 894.559981 13
510 686.600681 304.373705 16
511 229.503176 610.288289 12
512 956.686975 823.634748 16
513 330.683903 651.492782 6
514 637.230986 105.649292 5
515 577.373424 409.601324 17
516 739.585766 495.841292 19
517 651.452234 272.432530 7
518 704.056393 530.430050 15
519 1000.000000 852.399114 12
520 587.626219 298.347973 11
521 541.894190 293.395324 13
522 37.666578 569.345064 11
523 169.220487 583.738390 12
524 973.136502 851.073514 4
525 248.899491 708.975691 12
526 695.140349 314.890422 6
527 847.816133 448.074433 11
528 706.296715 536.138436 3
529 935.182675 815.709472 6
530 196.752481 651.840065 12
531 600.296572 239.744936 10
532 844.473207 975.445158 6
533 759.467026 221.586204 10
534 746.133398 523.267964 1
535 342.071800 702.935367 13
536 794.252861 90.501718 19
537 658.481051 183.935628 12
538 288.166186 691.711803 16
539 480.419127 179.349066 5
540 763.414126 0.000000 5
541 173.052077 642.018536 1
542 794.366937 537.205894 20
543 1000.000000 912.120596 8
544 617.895110 205.300393 7
545 682.451765 161.327133 14
546 751.708280 599.564270 12
547 780.621245 32.674488 13
548 708.378848 162.096121 8
549 509.940645 251.709595 16
550 962.799712 559.589072 15
551 1000.000000 940.641073 13
552 250.614781 607.455415 20
553 676.878871 156.137717 16
554 729.832382 181.780869 12
555 568.846493 268.156149 6
556 221.019408 644.360586 8
557 711.947005 96.473900 13
558 268.926155 697.928346 2
559 218.725522 655.830464 4
560 360.204576 535.276256 7
561 910.417168 1000.000000 14
562 308.026112 586.703864 16
563 677.899048 204.059364 11
564 638.946794 239.106355 13
565 758.493758 301.192684 18
566 688.913804 125.272959 8
567 738.783885 213.153445 11
568 836.938477 84.426120 15
569 195.104130 635.680324 2
570 714.224033 72.348909 10
571 124.461213 584.019683 20
572 815.670698 139.915131 4
573 874.794259 580.150569 1
574 764.395400 115.271183 4
575 608.771518 427.100236 1
576 868.504173 455.804892 15
577 699.149432 373.266986 5
578 609.184747 287.204641 20
579 199.932363 693.227777 19
580 769.903955 148.598242 1
581 625.802796 153.568697 12
582 605.402520 162.266092 8
583 811.397118 229.898858 14
584 160.796688 676.028139 17
585 789.642898 174.834361 17
586 686.638775 348.379124 5
587 658.950439 25.362846 1
588 613.382346 221.157464 6
589 606.106301 231.318490 12
590 662.686516 176.988690 2
591 338.717196 639.570139 13
592 678.527839 209.525956 15
593 630.430085 321.627017 9
594 678.983818 257.066036 11
595 222.302629 509.697720 12
596 830.591548 438.651322 7
597 538.592032 53.957402 10
598 561.336245 295.439903 4
599 771.462890 200.219375 5
600 326.453824 781.115919 15
601 179.495365 586.171883 1
602 263.826666 685.039832 19
603 579.590884 351.521214 11
604 683.810198 160.768515 16
605 674.340814 254.618239 16
606 676.711448 544.523659 20
607 204.185246 601.988197 14
608 862.001815 851.118437 2
609 755.242258 913.539434 8
610 280.610420 580.762245 16
611 565.494431 256.811763 5
612 587.799186 319.779773 7
613 776.224371 234.728900 8
614 785.887375 149.213811 15
615 821.355127 408.628116 13
616 699.719820 272.997741 20
617 628.204123 133.371825 7
618 330.439277 602.905049 6
619 658.255437 308.480519 6
620 814.624997 144.419978 15
621 801.761860 235.859483 7
622 321.986405 597.081803 6
623 566.377651 230.546155 12
624 820.280716 230.709280 13
625 225.014226 702.280139 2
626 335.437179 517.951182 9
627 560.686151 335.105022 8
628 959.655386 893.447953 14
629 988.394653 767.640540 19
630 705.161499 103.006476 1
631 114.479249 694.134650 20
632 970.690159 854.603663 6
633 373.342268 574.516822 11
634 666.745765 169.553273 19
635 552.824912 418.426168 19
636 731.293096 101.697716 7
637 700.424640 171.235059 9
638 753.750983 224.160254 16
639 526.276948 278.622494 8
640 551.195575 498.727873 6
641 182.677516 446.335674 3
642 715.848971 523.962494 17
643 461.316463 743.338574 1
644 579.351845 94.488394 8
645 796.077754 651.890546 2
646 956.456592 844.676621 16
647 809.519868 749.490777 16
648 495.046714 268.096220 1
649 668.672328 223.055780 13
650 758.794913 184.251354 3
651 842.223477 466.502938 15
652 505.272549 593.038111 1
653 767.440568 922.761888 5
654 775.329250 173.503637 4
655 368.434723 616.223056 6
656 788.173858 247.486794 15
657 809.320930 206.265110 3
658 616.859872 184.286534 1
659 870.670202 0.000000 19
660 788.209810 541.359174 18
661 603.232048 79.885355 1
662 253.212367 751.526509 16
663 212.070589 694.792757 5
664 839.063305 0.000000 13
665 832.722371 535.855686 3
666 598.585285 323.924942 18
667 945.219336 685.995351 4
668 284.796391 643.961724 1
669 738.245281 211.556199 14
670 210.954043 691.665123 13
671 672.506347 186.110665 13
672 239.043506 621.466616 10
673 170.633948 690.567887 1
674 950.448040 957.114536 4
675 286.482171 503.295049 2
676 235.789286 721.015401 13
677 640.648932 217.757394 2
678 771.921053 213.122528 14
679 775.627939 181.185967 2
680 689.081780 131.775637 15
681 865.500980 897.467754 7
682 254.678011 610.251096 9
683 744.329234 227.044731 17
684 261.724368 602.708514 11
685 175.061727 714.415953 18
686 829.384471 507.562556 16
687 931.080343 869.727992 5
688 765.214477 110.306388 6
689 357.119183 638.992736 16
690 266.232749 613.697287 13
691 406.952502 649.847222 17
692 111.029857 602.323568 19
693 474.800702 317.756305 12
694 775.407358 472.695061 1
695 862.618655 1000.000000 12
696 804.513230 228.956276 3
697 247.417865 574.010664 12
698 364.261823 558.637597 15
699 856.847312 313.723521 1
700 971.585298 945.972908 19
701 1000.000000 913.042709 2
702 144.226050 663.780713 3
703 161.755879 684.621515 2
704 668.295028 84.382068 5
705 673.727180 240.141879 16
706 628.028538 199.311085 20
707 840.300313 1000.000000 11
708 406.916645 352.292564 11
709 761.371610 371.617905 7
710 171.088932 673.895524 17
711 191.801915 685.416126 7
712 582.237927 154.297156 13
713 966.627499 954.824189 14
714 152.364921 480.560104 7
715 772.133617 168.535631 16
716 775.280687 169.167724 5
717 789.443205 667.538666 15
718 588.448861 159.321990 15
719 716.939943 216.907855 12
720 346.291112 573.833269 14
721 1000.000000 725.071424 13
722 1000.000000 822.150626 3
723 594.295192 118.149981 8
724 664.509846 287.983581 1
725 992.418584 758.055979 1
726 567.155624 228.246766 17
727 263.340406 724.068956 20
728 569.882110 285.723274 3
729 651.560164 210.305493 16
730 394.053925 625.675111 4
731 333.152363 439.786707 2
732 592.826535 286.692574 14
733 251.342775 695.855506 14
734 1000.000000 898.742496 19
735 782.098075 896.736694 20
736 705.645484 242.815788 18
737 614.252222 162.338259 5
738 344.207754 582.528207 11
739 638.442552 42.110345 10
740 732.575448 114.913663 10
741 284.326115 555.710079 8
742 186.329245 742.157941 14
743 743.142400 320.389410 6
744 640.448489 472.357758 12
745 767.899085 285.865568 11
746 752.543216 154.187119 5
747 717.684899 270.421954 15
748 161.940750 736.842501 19
749 1000.000000 959.018787 14
750 924.727839 902.676326 17
751 811.807153 531.022647 8
752 581.500350 95.573495 20
753 971.768856 851.473043 1
754 936.516548 781.890394 16
755 707.605934 370.656121 15
756 733.072046 421.750475 14
757 189.700345 754.190722 14
758 130.603940 610.977614 10
759 65.291481 673.798714 14
760 784.650061 174.858165 9
761 659.939001 352.480841 7
762 222.856024 685.407684 7
763 726.978366 561.261787 2
764 384.180904 469.173562 2
765 660.483032 208.595545 7
766 652.177994 122.306322 13
767 534.690251 113.326220 12
768 763.340005 398.440910 5
769 686.355337 281.927354 2
770 730.250100 492.314266 14
771 866.086203 541.736779 4
772 708.084439 402.636221 13
773 215.660305 701.237096 5
774 215.538892 571.663527 2
775 701.273438 261.524842 15
776 936.740240 481.249692 18
777 125.975499 667.663338 1
778 739.454231 240.819901 12
779 977.580899 818.648144 5
780 496.332088 300.698626 20
781 760.291945 293.047600 11
782 993.967161 885.820225 2
783 709.566022 225.695965 12
784 799.336013 438.584924 2
785 323.941630 584.451218 20
786 976.945787 457.171486 3
787 681.296772 263.695519 14
788 86.607017 504.073932 17
789 705.356928 429.005463 18
790 849.714979 1000.000000 16
791 974.225824 896.604539 15
792 573.180209 309.399868 7
793 505.603459 310.687911 4
794 167.351791 709.694842 10
795 975.003295 883.152024 16
796 378.038542 688.741893 10
797 1000.000000 929.873530 18
798 629.432588 229.436179 20
799 574.068728 254.236370 3
800 353.371157 610.255775 11
801 871.601471 960.428685 19
802 852.011688 814.445721 17
803 86.428402 638.340908 17
804 869.958713 862.847020 1
805 704.118011 587.497163 7
806 818.317554 804.260835 12
807 24.517955 595.175488 1
808 750.062190 557.294152 11
809 733.417894 253.011210 18
810 886.681805 885.679463 13
811 732.405423 384.742982 15
812 645.156445 315.261263 4
813 523.032774 423.946397 4
814 701.359190 228.835801 4
815 612.895100 349.843603 9
816 759.026661 17.679555 8
817 601.385845 237.149166 10
818 738.417504 186.275336 4
819 742.724324 316.669138 8
820 825.836455 730.545078 1
821 292.272337 660.332918 13
822 745.791214 513.690905 12
823 675.801508 188.513133 5
824 699.380807 120.568050 10
825 936.517366 865.561732 3
826 850.083010 970.217524 16
827 632.172052 167.326078 11
828 783.014257 405.773906 15
829 733.897547 188.403521 3
830 812.557105 470.884559 1
831 246.836686 640.520764 17
832 714.685816 450.645520 10
833 703.238452 543.468938 1
834 1000.000000 899.709383 17
835 104.173889 716.189804 11
836 692.131923 65.964131 6
837 695.119161 127.262530 16
838 769.919466 421.180282 3
839 876.932675 806.047340 19
840 515.257836 365.560709 19
841 665.955622 425.137702 9
842 625.452503 155.229654 12
843 893.594281 752.862929 9
844 761.278377 508.132792 5
845 559.914814 0.000000 13
846 660.426462 321.476081 15
847 734.785611 96.708911 12
848 688.660502 52.536741 20
849 584.091631 285.569140 11
850 854.189094 877.505320 8
851 697.585547 548.134375 3
852 586.970887 247.110741 8
853 728.927737 114.601738 1
854 822.947564 406.988458 5
855 866.295591 978.259563 10
856 265.338001 782.109463 7
857 807.891711 86.953627 11
858 401.682003 534.044176 6
859 893.367380 99.994758 4
860 653.633998 156.425623 19
861 141.059874 682.174430 9
862 660.893270 410.050035 6
863 631.266179 145.050097 2
864 600.928401 150.339372 2
865 791.286702 138.417632 3
866 760.584275 314.736489 6
867 602.146692 395.098815 18
868 641.698019 167.869648 16
869 323.676331 743.006293 18
870 400.258824 588.726213 3
871 246.579515 681.018209 11
872 580.394152 312.728593 18
873 457.713927 641.735563 4
874 567.865205 233.135657 8
875 194.843221 702.128765 20
876 757.784523 426.464741 14
877 597.677924 223.709352 20
878 628.626502 650.349889 10
879 625.002618 263.785005 17
880 784.159845 397.662830 18
881 846.240235 1000.000000 19
882 593.543862 121.396408 2
883 774.164933 0.000000 3
884 145.704697 722.359944 1
885 712.720691 523.133414 19
886 760.661786 175.653483 5
887 219.987634 560.381515 10
888 235.129712 534.833655 7
889 547.025041 122.077164 14
890 713.244782 481.020489 1
891 760.542925 177.297041 12
892 235.756209 589.720715 20
893 792.934250 175.614187 8
894 817.613560 911.225978 15
895 586.406679 160.864439 9
896 268.963411 524.618232 9
897 540.924733 170.898667 16
898 676.687775 354.649419 20
899 419.262838 670.573336 9
900 117.736335 749.450814 5
901 628.167846 142.343651 17
902 883.121574 876.614573 17
903 675.070022 255.677902 1
904 712.309333 115.363346 11
905 738.068827 0.000000 18
906 834.904184 1000.000000 10
907 898.494408 870.327518 17
908 536.958876 305.794873 20
909 563.842288 390.632923 13
910 890.495633 562.868831 15
911 723.033000 171.135818 2
912 202.066289 823.343642 5
913 723.253014 152.732624 20
914 736.476509 440.306434 20
915 774.299156 38.057868 9
916 924.539891 796.482949 3
917 736.457184 221.518578 9
918 546.583365 193.758206 9
919 618.943732 307.210208 9
920 652.059729 120.525480 1
921 637.811496 271.412632 11
922 120.086678 824.236373 5
923 766.856928 999.552133 5
924 658.767964 373.057486 6
925 800.733892 324.014691 19
926 665.188159 138.279563 4
927 562.845970 243.021080 15
928 638.385772 224.357512 2
929 745.086500 173.346134 1
930 812.386887 107.524940 10
931 600.416368 290.596136 12
932 989.534821 709.675547 12
933 914.489563 868.434767 18
934 565.996687 327.444691 1
935 213.974246 661.348380 18
936 292.738162 617.114245 9
937 660.170113 267.455845 17
938 885.909070 1000.000000 18
939 275.999775 750.766423 4
940 204.839179 505.606220 12
941 230.777091 701.868179 14
942 672.989919 398.240123 19
943 702.591182 307.222643 8
944 896.737844 966.572215 1
945 172.821003 703.789120 10
946 236.145334 595.982667 2
947 570.841531 256.969897 6
948 115.507371 485.393590 18
949 314.017641 623.457670 13
950 828.313246 932.709395 12
951 282.553959 759.235453 19
952 224.885428 621.664076 20
953 281.953437 592.882227 15
954 563.072012 231.868013 8
955 827.666976 993.760132 11
956 259.154738 774.219963 8
957 933.308665 869.067487 10
958 670.121733 247.015785 20
959 670.904396 222.294833 6
960 151.563975 735.465955 17
961 307.034246 611.472012 16
962 682.330607 517.360316 10
963 252.376669 690.578480 19
964 815.073144 454.485951 7
965 195.361152 624.382892 10
966 705.633764 114.042407 9
967 303.603453 537.048381 9
968 467.094941 219.702685 9
969 712.908470 353.919292 9
970 258.131402 457.699788 4
971 387.266640 644.850514 18
972 514.174833 419.596486 16
973 360.753253 563.311232 13
974 584.830578 133.973010 3
975 529.031064 190.896313 13
976 638.099011 121.677839 11
977 663.716377 407.455560 9
978 877.235862 1000.000000 18
979 936.712990 853.528634 19
980 126.135955 679.847781 20
981 719.958756 325.314533 18
982 258.379956 841.880835 12
983 627.075448 370.502519 8
984 707.714077 235.390661 11
985 193.200028 553.144644 13
986 399.186018 511.256832 7
987 310.195659 595.124683 11
988 646.004579 471.031687 9
989 1000.000000 907.291295 20
990 660.119102 214.574904 14
991 577.592126 212.805167 17
992 275.468919 670.764597 1
993 604.600791 49.423251 9
994 529.972260 124.099397 4
995 289.815773 650.812344 15
996 886.340399 897.073740 10
997 746.161788 0.000000 15
998 703.616419 0.000000 19
999 227.688305 626.632983 4
1000 735.461192 487.869751 10
1001 880.937890 831.788992 13
1002 644.626549 264.847218 6
1003 867.702492 911.701445 13
1004 743.539437 145.163546 10
1005 266.833057 575.429738 19
1006 696.528975 367.239313 15
1007 681.443479 73.818262 16
1008 750.563888 104.950663 6
1009 691.458537 70.108913 3
1010 223.269363 686.908204 10
1011 969.357873 989.847959 4
1012 852.661664 353.483116 2
1013 259.051847 668.046317 10
1014 217.091231 688.349703 16
1015 545.941999 242.325233 19
1016 556.972518 223.351962 11
1017 827.477045 423.248046 9
1018 686.876658 451.469416 11
1019 86.145908 658.845816 16
1020 256.938290 561.543832 12
1021 267.210824 679.303264 7
1022 598.085788 313.738401 20
1023 501.200050 286.920563 10
1024 302.238812 570.533089 3
1025 205.638731 648.942581 8
1026 312.303637 537.138242 20
1027 821.191498 145.298288 4
1028 785.946923 142.713537 3
1029 462.230385 273.217453 8
1030 684.366219 0.000000 18
EOF
