# seed=1004
# generator_version=0.1.0
NAME : small_moderate_b
CUSTOMERS : 400
DEPOTS : 16
VEHICLE_CAPACITY : 60
ROUTE_FIXED_COST : 25.00
DISTANCE_FORMAT : COORDS
DEPOT_SECTION
1 214.728570 204.061919 1063.07 720 11
2 386.323231 202.548610 1662.49 219 4
3 601.428053 182.402090 558.49 320 5
4 797.200614 218.385618 1778.24 349 6
5 208.654439 381.919984 1437.64 736 12
6 388.866498 400.849136 1056.83 105 2
7 598.606418 394.622739 973.84 190 3
8 792.333351 393.702500 766.84 206 4
9 195.230803 585.329224 679.27 653 10
10 394.265082 613.414471 583.14 133 2
11 593.751186 587.464146 1684.96 122 2
12 782.024408 587.226106 1698.48 193 3
13 215.045202 790.643437 1427.56 775 12
14 394.282751 781.246770 696.51 416 7
15 601.428895 781.694812 1759.09 563 9
16 804.573672 817.599062 991.37 376 6
CUSTOMER_SECTION
17 553.137837 871.868239 19
18 0.000000 53.523631 20
19 419.051873 655.458070 12
20 610.816567 800.151157 6
21 0.000000 157.544391 12
22 149.891482 393.320073 16
23 138.126119 441.262225 20
24 601.389314 161.426238 2
25 52.017018 458.878450 7
26 301.736114 693.084873 2
27 440.833646 945.032423 9
28 440.034400 880.347132 3
29 0.000000 22.164050 20
30 506.778909 290.545207 20
31 573.423235 881.618255 9
32 222.617663 868.012601 8
33 53.089194 448.775427 10
34 93.163774 762.447132 14
35 580.605688 212.398555 15
36 92.707830 590.149001 14
37 711.439509 292.963324 15
38 581.639073 837.449108 3
39 82.997561 711.342370 3
40 54.703378 67.472683 11
41 823.331315 154.062477 6
42 0.000000 78.606736 12
43 257.174096 941.054704 18
44 191.143687 817.498823 16
45 118.976917 510.920651 6
46 281.936470 746.578917 4
47 217.481618 887.222047 7
48 611.183979 658.417546 15
49 311.215561 370.607183 9
50 85.608899 291.746767 14
51 578.668414 333.605605 13
52 246.771048 807.958628 17
53 133.244091 192.710353 3
54 73.057104 175.610618 4
55 149.439400 560.207684 20
56 458.284878 250.917800 10
57 0.000000 216.341353 3
58 184.070354 711.918415 4
59 333.508662 876.228092 14
60 94.692014 474.658145 8
61 715.966836 752.864692 12
62 719.295628 995.850228 14
63 182.153563 625.335800 18
64 477.274708 814.786035 16
65 763.774084 201.713098 2
66 0.000000 82.291718 9
67 620.469831 897.703605 15
68 451.493538 141.467676 17
69 23.863114 674.733874 18
70 210.003344 772.117620 15
71 70.240851 300.228078 3
72 0.000000 237.244121 14
73 88.359452 172.799347 19
74 0.000000 565.501349 1
75 0.000000 147.418987 1
76 160.688088 344.602375 20
77 185.311853 764.569562 11
78 181.999668 491.797273 18
79 291.302462 871.009699 6
80 80.471577 447.631781 20
81 98.999107 457.808714 19
82 759.759712 750.269011 13
83 70.151497 94.200468 14
84 421.069443 837.219329 3
85 544.187179 932.898777 20
86 200.645878 610.339937 11
87 0.000000 244.455287 6
88 207.796113 567.896028 20
89 474.537089 209.807923 20
90 316.941203 745.817679 15
91 117.991267 39.127023 1
92 294.058909 801.930197 8
93 151.802037 436.272262 11
94 678.728427 1000.000000 7
95 711.575473 869.519728 6
96 85.803722 375.360409 19
97 294.791616 979.093577 20
98 318.984332 556.242588 6
99 104.178432 401.086157 4
100 570.964047 197.768758 8
101 87.098399 405.329392 1
102 582.330428 342.767066 9
103 312.834078 850.168359 18
104 743.707341 6.686207 6
105 64.900602 603.426470 8
106 667.444750 920.320872 4
107 279.841555 449.925920 18
108 652.279581 227.605886 2
109 213.179110 905.075647 20
110 186.814423 576.643930 7
111 450.799942 853.337023 4
112 0.000000 205.612373 4
113 575.626360 275.132941 2
114 75.333621 428.274592 8
115 174.909232 423.113985 12
116 643.798872 805.294643 10
117 64.347391 566.654379 12
118 194.073989 698.500618 9
119 522.741499 305.185412 1
120 255.414584 783.698906 13
121 809.681873 353.899054 2
122 552.493663 162.352333 1
123 678.273587 145.026241 16
124 138.785180 568.462716 19
125 404.702866 763.359700 13
126 75.153587 43.614995 14
127 124.684377 453.444987 13
128 629.405027 846.175326 6
129 173.511042 428.748418 14
130 571.363679 770.256682 10
131 0.000000 572.145293 9
132 217.418702 595.031640 1
133 0.000000 89.592174 9
134 253.773508 568.508516 20
135 635.215769 227.384905 6
136 506.206577 935.712951 14
137 547.704431 800.690695 4
138 168.393279 201.418784 1
139 174.542205 503.967868 10
140 390.320654 831.371052 19
141 76.142944 94.593237 15
142 104.499296 550.616303 17
143 165.129954 437.161775 18
144 677.858610 270.778988 18
145 28.656514 662.987533 13
146 638.169491 276.786713 3
147 40.164809 67.338497 17
148 829.590400 267.299433 20
149 147.742009 399.973619 6
150 37.612269 412.480076 11
151 636.741202 770.911038 1
152 143.357389 372.100183 16
153 71.809924 53.396553 6
154 290.885306 390.267225 10
155 292.437073 904.560120 3
156 218.962124 491.799197 16
157 265.357499 477.802822 4
158 452.721808 258.282261 13
159 276.257263 871.241435 4
160 645.635476 942.566723 20
161 182.512557 575.918645 18
162 0.000000 65.441669 17
163 36.196538 117.714662 6
164 207.893011 499.993188 3
165 567.690872 815.875123 1
166 4.229248 671.979433 13
167 22.829605 403.793176 18
168 212.488066 432.189451 18
169 189.935059 327.022475 4
170 686.309575 940.056808 12
171 582.222264 157.629555 17
172 0.000000 0.000000 3
173 523.934712 808.450416 13
174 747.199986 211.137881 6
175 131.258940 532.939941 6
176 665.155240 70.179071 10
177 203.763312 849.186212 14
178 0.000000 0.000000 15
179 0.000000 91.872336 6
180 575.808216 191.161703 12
181 164.772424 567.727311 1
182 0.000000 182.717975 2
183 0.000000 200.141536 8
184 582.990020 231.147698 17
185 720.109613 987.896344 13
186 689.321695 840.104305 10
187 56.722051 307.769101 18
188 618.606337 282.915728 12
189 277.702656 896.531499 8
190 65.609213 671.685213 11
191 29.674212 47.569454 17
192 527.870674 853.363751 16
193 13.345748 401.541726 17
194 0.000000 270.462947 5
195 105.748184 641.420706 12
196 703.880075 262.373573 5
197 727.958429 75.097791 15
198 89.306964 298.204530 20
199 0.000000 155.839952 10
200 779.029688 291.934423 11
201 275.178387 775.664819 3
202 133.431619 322.281384 13
203 0.000000 214.379116 20
204 0.000000 114.861078 19
205 650.489410 159.366681 4
206 134.807603 505.357529 7
207 105.244911 445.882906 9
208 0.000000 400.690550 7
209 573.964179 965.775078 8
210 20.172426 488.763867 19
211 262.152393 799.433629 7
212 198.822565 433.557937 20
213 222.213680 831.465194 14
214 296.116464 897.028899 3
215 680.164472 293.012802 8
216 163.412371 364.187649 5
217 434.775798 509.550391 11
218 416.846628 490.614677 19
219 76.280105 709.903311 18
220 466.958059 362.143496 8
221 194.252804 6.107710 6
222 218.413440 126.215105 4
223 723.078812 180.677086 16
224 920.257057 558.350172 10
225 929.143750 886.569726 19
226 980.295312 695.377428 3
227 857.822767 855.187745 2
228 786.617452 336.331603 13
229 627.878362 838.103006 18
230 218.321311 618.641575 15
231 424.294958 802.410966 14
232 522.488968 619.816051 17
233 492.750647 334.800872 12
234 135.436421 873.712009 12
235 126.654350 19.578946 4
236 761.568432 84.845665 20
237 908.904238 323.813813 5
238 577.531555 423.200736 17
239 884.530085 268.257066 14
240 382.517084 270.423741 14
241 818.220744 59.880196 19
242 206.016128 258.899040 7
243 906.001581 166.602171 12
244 790.054777 900.112068 16
245 277.015898 547.873040 14
246 680.168570 760.826456 5
247 124.442889 307.080756 19
248 497.649720 793.426096 17
249 460.959791 523.169708 12
250 288.370071 407.313013 11
251 406.607535 525.648342 4
252 695.796715 969.394580 1
253 289.050465 698.045570 3
254 722.270152 43.293260 18
255 838.878796 905.089788 11
256 690.387972 914.427516 19
257 872.132451 43.535554 2
258 24.362107 480.369904 13
259 454.320748 908.533280 2
260 437.120398 633.333088 2
261 150.441744 161.952299 17
262 206.259102 90.395888 14
263 224.251490 661.696410 10
264 856.240669 139.914009 5
265 502.204513 622.750566 9
266 784.643012 77.248462 8
267 282.898940 922.639352 18
268 479.012908 282.180985 7
269 68.223864 905.634438 13
270 640.208794 275.053302 3
271 382.190627 136.850302 3
272 884.125578 821.750860 8
273 927.073632 43.785698 12
274 454.852957 879.729795 9
275 273.164874 959.196119 16
276 956.634889 987.048745 8
277 661.790255 24.975103 3
278 77.408846 977.809632 3
279 153.112258 917.398701 18
280 714.804022 602.900666 1
281 852.528695 207.741082 1
282 326.739537 297.053086 17
283 741.154809 165.129990 2
284 431.725144 978.422134 14
285 739.178457 419.647392 13
286 260.301469 18.097283 13
287 723.876237 978.961333 19
288 314.944328 275.630817 12
289 231.499756 847.075001 18
290 615.173801 915.079217 18
291 588.767325 442.674030 12
292 652.377073 567.866155 14
293 461.090756 835.607262 10
294 88.723253 539.039883 11
295 894.650114 594.437704 16
296 705.103992 573.331875 8
297 88.326049 1.248063 19
298 690.367848 763.103746 6
299 674.928357 931.981664 9
300 633.601577 7.222326 7
301 513.399887 815.425280 8
302 963.279423 635.224395 12
303 961.468677 733.402681 5
304 445.791950 335.552396 2
305 156.166018 72.797164 10
306 706.923925 44.789389 6
307 506.061378 463.173342 11
308 153.384641 481.131834 19
309 379.287354 916.095723 1
310 486.936481 259.406178 8
311 876.022730 85.633847 2
312 472.430493 372.949415 5
313 343.866327 419.062772 13
314 741.461223 527.897952 9
315 363.027443 766.323334 13
316 223.760030 814.954369 15
317 610.747594 896.019128 20
318 499.721958 494.653637 18
319 423.104663 522.978612 11
320 525.988453 782.130445 17
321 443.051653 330.617300 3
322 261.108820 689.742330 19
323 542.100112 554.833833 10
324 826.589192 467.337357 16
325 131.781024 160.999297 8
326 786.450251 637.396393 12
327 896.248259 959.141951 3
328 214.201970 711.715783 9
329 881.385423 923.637995 11
330 249.451402 396.114500 1
331 325.658633 710.777810 18
332 663.504534 130.153055 10
333 106.513672 932.966382 3
334 526.603751 141.219130 5
335 253.658028 933.682557 20
336 28.829370 903.427109 18
337 400.745003 710.345715 7
338 530.934526 470.400685 5
339 209.205831 135.672468 1
340 480.789602 721.356280 4
341 6.911626 335.825377 14
342 375.390716 549.401019 5
343 801.904830 340.557249 13
344 688.295369 544.348783 13
345 896.748609 709.289882 17
346 36.359130 461.851463 5
347 725.521969 425.191125 11
348 692.525578 617.210262 7
349 251.718417 856.132261 9
350 307.889120 921.309743 7
351 441.788313 708.209657 1
352 910.214612 765.647923 17
353 702.533893 916.893889 4
354 714.073051 648.145252 10
355 398.284555 511.817534 3
356 31.513703 708.615398 9
357 268.059168 244.942241 5
358 301.728544 493.705516 7
359 685.622947 814.470909 12
360 109.550657 884.356019 13
361 351.561890 568.577386 12
362 151.813009 884.569888 9
363 550.553480 144.936093 5
364 874.702668 410.930062 17
365 962.827174 942.737298 4
366 998.484263 395.345834 12
367 738.446607 420.561699 17
368 537.910566 450.801733 16
369 208.070501 407.965688 14
370 799.642669 427.263279 13
371 62.213346 51.339033 2
372 241.128476 9.861547 7
373 198.992745 267.812714 11
374 795.444418 195.818182 16
375 153.524399 104.066666 16
376 542.255578 854.289422 18
377 693.800014 647.653224 20
378 565.500750 689.647693 9
379 393.351833 920.355919 6
380 221.332578 563.467129 5
381 494.232564 548.541163 2
382 479.375435 785.371003 17
383 368.482440 952.576929 13
384 41.989346 476.650136 4
385 360.505603 438.164466 7
386 1.963769 718.541740 8
387 543.430101 50.353553 8
388 585.418651 818.309539 11
389 483.886545 971.910699 15
390 121.104424 109.607009 3
391 513.877599 827.741879 16
392 618.625185 868.259208 4
393 57.340034 195.153430 13
394 497.770902 307.470615 9
395 372.465061 794.451663 12
396 105.856526 276.539250 1
397 902.225945 385.998670 3
398 905.566140 917.894946 16
399 662.703500 858.287304 14
400 235.703512 805.682595 7
401 995.393459 172.211800 11
402 875.795471 890.079132 3
403 604.673206 847.663544 18
404 349.725142 107.259770 13
405 492.213380 210.359776 19
406 11.571790 751.325226 20
407 337.404875 590.577960 13
408 984.602812 409.041496 9
409 699.835138 23.418743 14
410 767.101563 250.646537 13
411 122.105692 529.424204 18
412 931.160100 506.383894 17
413 544.609571 943.808646 2
414 17.678795 846.270895 8
415 333.727732 962.906268 4
416 925.937058 289.626192 5
EOF
