# seed=2010
# generator_version=0.1.0
NAME : medium_pathological
CUSTOMERS : 200
DEPOTS : 8
VEHICLE_CAPACITY : 50
ROUTE_FIXED_COST : 8.00
DISTANCE_FORMAT : COORDS
DEPOT_SECTION
1 937.838102 760.854664 394.80 316 6
2 734.396148 992.173987 2503.50 443 8
3 127.231492 954.389065 467.62 1 1
4 972.622851 293.796256 2675.56 685 13
5 178.244372 97.894565 834.73 698 13
6 29.449418 838.929364 3406.90 572 11
7 441.524566 991.046169 2470.60 20 1
8 217.501949 981.600484 1957.18 96 2
CUSTOMER_SECTION
9 693.802300 807.858098 2
10 256.097757 488.771329 5
11 368.852316 152.910167 5
12 270.415335 189.256185 3
13 156.966819 687.636197 1
14 314.926422 324.783751 5
15 762.623936 498.188549 4
16 247.048701 536.877050 3
17 378.348411 311.201605 5
18 34.296588 588.935270 5
19 315.518796 524.472707 15
20 662.021503 686.597731 15
21 269.474562 692.889169 16
22 147.544055 557.173767 1
23 903.798663 523.033101 4
24 298.374364 761.850870 18
25 774.479554 561.164664 2
26 647.002104 896.298476 2
27 388.110168 219.990233 5
28 207.197457 163.538151 3
29 942.311038 444.447929 3
30 924.796985 410.503451 10
31 780.000525 891.494811 3
32 351.125819 484.476828 3
33 331.468446 211.603200 2
34 230.856763 189.940322 12
35 797.523733 1000.000000 5
36 846.673451 534.247442 1
37 307.531301 379.221725 5
38 766.384300 856.226716 14
39 649.509086 800.315114 2
40 927.183568 392.613358 5
41 996.715335 514.825220 5
42 329.300762 245.386962 2
43 184.220180 633.247489 13
44 825.653367 476.352518 16
45 657.078573 734.795624 4
46 771.506073 411.061020 4
47 881.334204 865.001123 18
48 864.367335 522.939645 11
49 333.125141 178.300035 3
50 820.153221 935.148178 1
51 953.270484 487.840180 13
52 367.497158 244.404717 4
53 998.492993 341.380897 3
54 334.770665 613.238646 3
55 251.133714 260.935854 18
56 328.208202 242.182433 4
57 925.544025 520.616820 11
58 195.822581 715.627125 2
59 778.648948 359.023979 16
60 963.545877 457.399793 16
61 944.572404 462.650297 14
62 818.470949 488.956218 1
63 201.159316 491.359469 5
64 332.295619 239.160576 4
65 197.460517 630.998823 1
66 792.262807 747.993712 1
67 399.680589 255.645626 15
68 937.511733 546.384175 2
69 299.542905 281.050687 17
70 362.919923 521.505815 5
71 908.106566 473.686525 12
72 185.044370 512.113114 1
73 893.751548 759.905807 1
74 179.315547 662.572711 15
75 250.819412 566.413122 15
76 740.636811 794.821002 10
77 725.306509 839.719778 16
78 767.386209 924.302602 3
79 849.749670 477.613424 1
80 909.019235 510.243943 11
81 1000.000000 426.010338 5
82 934.928014 436.044528 11
83 514.622022 215.893540 10
84 737.773116 904.329765 4
85 901.505852 532.756735 5
86 198.685669 519.545752 1
87 696.346022 401.952748 5
88 199.242960 133.783565 10
89 246.737494 524.122995 5
90 831.265778 464.515426 4
91 320.948283 297.496097 14
92 816.439584 772.137743 5
93 798.037412 523.656591 4
94 354.095185 149.348464 4
95 331.959130 697.549892 11
96 824.306317 386.538000 4
97 323.174955 217.360063 4
98 934.882504 459.432913 15
99 306.186379 186.520673 17
100 793.550329 436.243610 5
101 963.830227 507.155745 1
102 1000.000000 567.950598 15
103 804.596479 455.098279 1
104 266.987561 633.240878 18
105 443.168380 246.436618 4
106 817.523692 492.361632 2
107 434.319284 143.784915 12
108 329.707799 120.411616 12
109 837.134384 497.810248 4
110 517.041879 323.403853 3
111 902.046620 375.283301 4
112 706.743867 846.906964 4
113 657.922471 884.150236 1
114 889.471309 505.990997 5
115 436.452877 455.200340 1
116 300.008044 242.393194 2
117 387.951055 537.586658 4
118 684.113220 1000.000000 1
119 961.191072 484.426640 10
120 857.685197 894.125716 1
121 1000.000000 602.075788 2
122 286.835388 307.836966 2
123 435.011870 447.613577 11
124 742.164812 905.597679 4
125 710.746677 424.331033 3
126 189.474330 183.598160 1
127 616.872746 869.278450 1
128 851.179462 856.135171 11
129 602.715770 935.950937 1
130 253.993186 273.044230 5
131 305.964118 578.852902 17
132 831.192493 635.309767 3
133 762.003671 994.649807 2
134 760.611705 930.467399 17
135 373.203962 310.002695 1
136 293.773084 697.783027 14
137 312.487032 253.257133 4
138 175.057754 599.081917 5
139 972.088399 538.093575 5
140 268.014288 290.110930 5
141 389.475848 289.784826 1
142 152.433571 275.189271 3
143 237.105723 162.022625 3
144 265.617538 535.810884 4
145 725.104089 919.195624 4
146 242.637081 656.413212 2
147 369.912513 158.922622 3
148 783.959118 473.088007 1
149 925.684401 474.818259 18
150 567.983444 922.902146 2
151 866.272810 850.857506 3
152 717.484391 785.160321 16
153 721.467621 838.332584 14
154 812.561813 488.773115 10
155 699.382484 794.192010 5
156 729.725844 1000.000000 5
157 743.953057 359.073969 15
158 116.514138 547.737564 1
159 210.773614 535.503769 4
160 305.207765 477.477279 12
161 234.101150 678.525793 4
162 327.175969 180.409558 10
163 291.529321 633.229985 4
164 691.429441 825.118719 2
165 859.886627 548.991730 3
166 832.373017 538.887577 3
167 153.481350 271.091548 14
168 823.145810 866.951561 13
169 768.976109 876.175151 3
170 263.200233 584.515355 1
171 364.927924 495.036204 5
172 284.510417 203.369879 3
173 242.855109 537.565836 2
174 405.181082 164.979646 5
175 790.395208 858.101960 2
176 276.871784 295.116482 5
177 79.002923 731.940890 18
178 824.064963 432.467934 13
179 63.549106 758.340751 2
180 704.933990 1000.000000 15
181 697.355207 896.726815 10
182 166.593911 587.795998 2
183 774.598877 1000.000000 2
184 229.420477 551.661312 4
185 684.770899 810.080988 2
186 372.789928 402.935002 4
187 709.673012 814.006532 2
188 347.325907 683.286629 3
189 156.325457 647.814194 5
190 811.432220 338.778607 10
191 324.578543 148.116340 2
192 192.089611 718.138370 16
193 652.185919 834.422071 5
194 331.418996 141.213515 1
195 891.310222 599.957788 2
196 759.960264 540.338818 4
197 801.869283 439.467601 4
198 904.942307 485.692025 5
199 888.306211 415.909662 2
200 749.720857 537.536561 13
201 892.559782 494.738774 2
202 942.220769 544.654361 11
203 185.379617 682.352507 16
204 276.085727 672.563676 14
205 781.953199 836.112238 2
206 849.050889 844.133535 1
207 341.701415 330.677011 1
208 116.448439 581.692557 11
EOF
