# seed=2001
# generator_version=0.1.0
NAME : medium_loose_a
CUSTOMERS : 600
DEPOTS : 20
VEHICLE_CAPACITY : 60
ROUTE_FIXED_COST : 15.00
DISTANCE_FORMAT : COORDS
DEPOT_SECTION
1 164.493916 726.994246 527.68 400 7
2 634.832122 621.983965 920.57 710 12
3 344.397228 894.166328 1431.51 753 13
4 858.972504 536.570092 1408.04 1390 24
5 786.065011 256.584657 838.47 503 9
6 563.035917 638.948548 1445.78 540 9
7 504.828731 186.114899 961.85 2873 48
8 606.499543 913.878674 439.74 540 9
9 987.343509 876.016314 469.12 488 9
10 878.893503 971.406269 718.46 225 4
11 326.415869 669.681772 796.37 915 16
12 67.246625 917.177383 908.15 213 4
13 935.831717 59.422540 551.55 828 14
14 164.951672 958.251701 1026.51 223 4
15 210.377447 822.150349 835.29 215 4
16 802.600444 371.233180 974.92 615 11
17 25.857086 575.183213 1370.57 1838 31
18 498.021580 518.614720 1398.69 1323 23
19 734.673323 876.806508 1129.49 1115 19
20 946.122289 254.741955 468.53 298 5
CUSTOMER_SECTION
21 423.669802 203.724514 19
22 475.100255 962.148451 2
23 431.978940 337.387000 12
24 998.483338 782.968979 18
25 220.104963 598.949589 2
26 989.027574 451.540990 10
27 100.523958 514.231240 8
28 162.765065 241.037662 7
29 473.072055 732.262476 3
30 842.071537 556.929401 19
31 402.318203 853.159233 8
32 848.200714 254.398437 15
33 588.537759 865.761983 10
34 58.338635 200.212103 10
35 155.417511 712.193513 11
36 217.039336 7.033192 16
37 956.975619 53.929329 16
38 112.673856 575.621338 3
39 827.118240 781.008652 14
40 776.920316 478.889168 16
41 468.207709 541.840796 20
42 624.406617 731.647654 3
43 801.056600 319.085727 20
44 972.160492 818.819928 19
45 541.084159 601.823096 4
46 56.812290 253.118357 1
47 888.842097 977.498210 4
48 815.472519 809.334689 20
49 498.624890 573.429370 10
50 651.964756 807.705871 13
51 248.008999 473.716435 10
52 7.638003 108.722480 15
53 811.651780 900.967524 20
54 878.669457 60.932417 19
55 736.286213 315.927303 7
56 116.136301 511.774751 20
57 967.819840 520.681699 13
58 888.357830 905.525545 16
59 546.588146 466.385619 18
60 427.659225 779.837128 11
61 94.847806 41.265775 4
62 945.678316 912.211219 15
63 787.626933 756.142916 11
64 436.313580 24.313374 20
65 525.727420 472.812219 8
66 829.483585 713.493922 9
67 671.251928 809.247391 13
68 34.196050 173.301877 12
69 25.852086 238.365223 11
70 300.054613 582.261306 9
71 659.011036 416.373222 2
72 988.679877 563.934031 18
73 34.657934 260.220207 19
74 866.664678 334.445772 3
75 696.576031 349.068571 16
76 317.744638 539.835135 11
77 891.486800 866.221980 1
78 358.873175 563.147197 17
79 620.930985 515.276768 3
80 897.481663 611.141050 5
81 796.380397 512.191429 3
82 601.899291 173.840871 20
83 682.974425 22.778266 17
84 996.509089 140.909562 16
85 595.710889 666.191288 11
86 616.455285 858.871278 9
87 184.719910 175.842965 8
88 997.187408 274.440971 12
89 408.279554 592.005851 4
90 403.852248 745.978883 14
91 946.329008 954.020737 8
92 632.112470 251.522301 12
93 515.437151 324.881416 15
94 703.586650 151.782220 6
95 887.527755 514.260413 9
96 788.715933 612.615932 15
97 147.501389 611.133735 4
98 927.378123 530.917532 12
99 164.484945 516.025805 7
100 963.292526 565.438155 16
101 976.189147 429.774395 14
102 815.805123 427.656795 2
103 448.949167 539.705617 6
104 508.041127 908.185864 4
105 407.125278 141.612335 9
106 233.452531 758.540217 5
107 561.669045 359.424726 12
108 64.408292 128.146564 5
109 799.778376 912.354870 19
110 640.099956 575.967492 12
111 713.592497 938.107915 17
112 867.883176 493.099661 8
113 835.351324 31.085018 19
114 787.369157 53.980865 2
115 680.823904 559.874931 6
116 673.489234 864.122229 4
117 439.928073 213.469165 8
118 156.986430 91.064296 17
119 135.033648 298.919218 11
120 389.740606 484.635179 8
121 420.515483 395.652859 18
122 455.030660 760.135160 3
123 709.000562 837.749692 20
124 435.678387 169.886144 9
125 369.897371 514.343510 10
126 78.463245 420.729030 9
127 699.111097 9.091438 11
128 715.965450 913.660366 10
129 468.780004 382.293219 16
130 807.907871 154.464725 9
131 304.371614 727.634055 3
132 937.174917 507.750205 17
133 372.288964 537.352080 16
134 249.458237 859.750602 9
135 707.087990 837.212507 3
136 704.915460 545.520951 3
137 93.908251 515.720865 19
138 585.033834 326.326273 17
139 883.908624 329.404400 14
140 230.849682 632.791462 14
141 580.980037 975.232019 15
142 731.281629 727.890576 5
143 424.108039 588.968624 8
144 548.584337 69.980349 14
145 438.794494 553.144660 19
146 267.167349 564.086878 5
147 195.701672 363.944233 13
148 926.142314 860.429212 4
149 889.958725 109.869090 7
150 45.748741 747.948085 14
151 995.328740 738.979845 5
152 299.444572 138.881566 12
153 226.883810 561.656406 20
154 732.489902 522.037259 19
155 121.074725 602.933007 9
156 328.298324 933.731564 18
157 403.191384 974.269680 19
158 701.034331 711.727876 14
159 621.189264 350.199290 13
160 363.920071 339.031322 9
161 646.533597 580.954001 7
162 250.330410 886.895717 8
163 814.827778 978.036567 13
164 488.643718 790.414395 19
165 896.914211 863.011182 6
166 78.647505 343.640801 14
167 752.098147 742.702757 7
168 12.033369 119.477007 13
169 429.240540 943.448963 1
170 873.323768 497.100794 20
171 615.255527 636.333686 20
172 349.821758 832.344460 12
173 388.460041 501.528403 8
174 680.436252 836.557415 16
175 664.921560 682.209676 4
176 433.959054 570.916658 6
177 704.368554 187.893244 15
178 853.787224 696.532860 10
179 38.463392 772.114043 2
180 154.205171 434.407528 10
181 14.733457 132.627271 3
182 854.974350 558.298066 13
183 177.198668 479.038438 16
184 393.978706 985.359451 7
185 168.083309 519.693756 8
186 973.342670 361.642059 16
187 601.000535 831.658347 20
188 332.023905 872.942496 17
189 331.658641 457.185980 4
190 949.927565 575.962617 12
191 22.230975 519.638834 5
192 118.107745 356.959591 17
193 792.062756 339.113977 13
194 913.999539 844.371679 13
195 151.850154 303.416510 16
196 763.555527 438.178228 13
197 934.700229 67.613126 17
198 272.354137 878.492552 10
199 130.883970 873.743975 15
200 765.455042 411.040753 9
201 183.636654 21.534138 12
202 391.036120 200.151051 9
203 227.352951 568.658405 16
204 574.117593 602.257763 15
205 736.482247 374.697538 13
206 590.340539 169.244481 18
207 114.636411 459.523246 6
208 377.687995 608.633389 9
209 687.781087 745.240604 17
210 500.960647 720.906139 3
211 536.319899 620.740353 6
212 209.901160 671.365840 7
213 301.960996 860.636852 9
214 79.482101 187.492388 18
215 626.489765 586.318108 9
216 524.361417 841.085097 16
217 595.555040 436.872033 8
218 420.846851 43.332431 18
219 710.620374 941.953998 19
220 582.979842 581.993338 10
221 540.121418 957.280536 8
222 636.643906 165.486478 7
223 654.254162 503.474283 19
224 877.136596 335.965812 10
225 436.492399 331.683603 15
226 726.840665 944.608193 5
227 339.979602 682.811056 4
228 426.894573 183.420688 4
229 43.540583 416.875585 4
230 474.187300 638.846386 19
231 951.733318 66.436170 11
232 966.828677 202.608070 2
233 120.489266 292.243081 15
234 46.923671 396.046599 5
235 76.404852 840.635420 16
236 693.291651 56.725670 10
237 536.013455 134.880592 2
238 988.228125 491.813388 12
239 725.094448 788.424227 19
240 93.575803 638.105825 11
241 374.314137 737.926422 8
242 673.691551 450.072073 13
243 340.554310 103.601758 1
244 486.577200 575.353192 10
245 250.933739 568.059137 7
246 843.008928 592.199667 17
247 988.635910 398.246728 2
248 757.360037 412.940530 12
249 59.099076 245.867542 8
250 564.191363 182.979326 15
251 139.442499 54.955163 15
252 181.766003 266.006122 14
253 752.388028 665.194413 11
254 606.772684 102.273519 9
255 828.395200 424.961577 1
256 650.654844 91.024330 12
257 641.567435 630.508740 7
258 54.900962 249.379705 12
259 294.822414 640.096857 2
260 508.513260 533.704218 6
261 882.076647 386.852811 12
262 662.711462 242.556195 19
263 948.030207 833.493580 20
264 42.917768 600.287323 9
265 923.304562 864.508117 3
266 688.700674 628.130752 17
267 624.650150 549.524230 1
268 140.201568 306.403071 6
269 523.765345 160.218891 10
270 398.674941 417.152961 17
271 174.601765 680.095229 5
272 324.418425 955.070747 10
273 783.133912 568.498531 2
274 477.613546 596.943601 7
275 363.849546 402.036941 3
276 677.577320 603.703478 1
277 904.656182 583.233335 9
278 437.320465 888.295596 10
279 592.820994 806.161590 3
280 548.557986 94.995582 5
281 536.389138 356.885362 1
282 27.926817 117.408631 5
283 539.085484 1.929783 18
284 903.172341 64.020320 15
285 541.048680 829.116784 20
286 982.428249 616.094910 11
287 227.924853 6.718402 13
288 156.980304 85.862663 5
289 749.797163 829.032959 16
290 297.290330 875.645648 2
291 135.111639 579.804997 20
292 566.295176 484.730827 9
293 441.411861 211.245391 17
294 403.530573 717.712212 19
295 831.087363 402.779697 1
296 320.098297 732.583827 8
297 361.272584 481.721836 8
298 795.506336 12.731944 17
299 322.818555 188.039120 9
300 820.239444 201.604658 4
301 234.505750 16.086275 14
302 679.607704 593.633052 14
303 230.141039 675.522725 15
304 807.631382 358.701207 13
305 521.148595 180.999042 13
306 419.636717 947.194766 7
307 528.808459 445.598904 4
308 165.419883 889.304978 14
309 481.500553 213.696091 12
310 432.784539 921.877251 13
311 3.498718 909.963412 20
312 13.429033 510.353908 18
313 134.915485 790.121512 3
314 575.956833 243.708414 18
315 881.823604 377.929920 16
316 934.125065 123.672952 9
317 647.143091 141.549598 12
318 936.072379 562.007698 12
319 90.330047 54.177548 19
320 79.428945 669.257718 7
321 938.868057 455.591248 12
322 843.744102 587.272815 6
323 583.673702 614.467236 8
324 801.484023 879.960703 13
325 769.864881 642.336636 13
326 607.948239 631.474914 12
327 505.788730 575.417044 5
328 988.959809 669.922110 16
329 858.425494 367.985938 1
330 446.483276 395.369899 8
331 65.876569 217.898844 12
332 177.109939 148.815426 1
333 536.325612 29.731651 11
334 347.295425 308.473427 15
335 846.593957 654.707918 3
336 823.162756 974.355501 10
337 851.991110 658.152871 14
338 734.963478 713.236866 10
339 376.491083 938.702597 3
340 462.646187 619.611312 19
341 469.560811 877.751863 10
342 709.282999 768.461181 6
343 455.856130 639.561050 8
344 89.761214 645.874382 4
345 314.366591 993.226108 13
346 631.762826 556.997137 10
347 746.756910 752.109481 2
348 212.812468 723.454861 5
349 267.342008 913.241332 6
350 448.091361 437.620774 18
351 314.481708 516.530082 11
352 668.293162 35.329136 11
353 687.013954 649.723539 19
354 143.266822 405.962488 8
355 582.355793 750.810164 6
356 127.506169 911.709909 12
357 776.291433 989.845811 10
358 99.772843 70.111250 4
359 70.930119 576.251380 9
360 666.676956 45.678478 18
361 881.196498 100.456872 10
362 656.714089 580.028962 2
363 359.791313 18.282392 7
364 458.611484 611.498787 20
365 676.935375 790.136423 9
366 506.985117 860.479974 1
367 456.180738 178.941400 7
368 6.674794 416.104631 12
369 104.496610 416.878334 19
370 810.561605 707.577974 19
371 786.246447 168.085705 5
372 634.848706 698.579414 15
373 855.456507 229.136717 8
374 122.878068 250.161801 10
375 336.834930 324.754890 1
376 670.014278 817.778524 10
377 308.110759 888.569475 14
378 123.327629 927.638433 19
379 257.814175 223.576175 7
380 82.577621 106.920141 8
381 292.421040 596.987880 6
382 85.795865 624.887435 3
383 201.744976 62.700876 14
384 821.444449 170.878296 10
385 975.573567 151.165487 17
386 19.266941 660.850840 9
387 806.340889 159.130055 6
388 902.448328 109.521276 16
389 101.332704 458.845066 19
390 978.060466 231.936180 8
391 227.612986 651.399921 14
392 718.010255 212.231407 16
393 605.510909 964.677982 4
394 525.182675 43.945885 12
395 222.678390 592.042510 17
396 737.328396 885.953846 19
397 873.259390 716.319151 10
398 363.373281 575.275083 6
399 953.915387 367.393439 16
400 626.226408 336.411141 3
401 438.056568 107.356324 11
402 865.221184 833.255961 5
403 993.610968 340.609103 7
404 378.609641 704.118267 7
405 74.232735 673.903952 7
406 488.523172 997.231469 12
407 64.221120 350.686380 4
408 214.957682 522.168913 14
409 518.592522 329.419974 18
410 767.498251 477.738164 16
411 951.799460 607.597779 5
412 475.034018 266.506859 13
413 994.318215 795.067067 8
414 876.828033 99.695990 20
415 641.628560 250.587315 13
416 902.456101 55.380942 5
417 961.357294 923.325642 3
418 725.014052 883.261373 13
419 257.595934 50.634900 8
420 589.375802 497.815418 3
421 581.622958 588.675011 11
422 463.298656 125.829374 16
423 831.348098 859.263154 14
424 560.171507 977.300505 6
425 583.294523 86.571943 10
426 199.667358 7.592281 5
427 138.107309 88.565336 13
428 642.239235 809.719546 8
429 798.832963 919.849122 10
430 165.207457 399.305576 4
431 489.080065 293.626042 15
432 941.844978 683.149102 3
433 763.890914 463.806023 4
434 638.008725 994.636733 9
435 171.007664 491.455577 14
436 432.273590 446.056782 10
437 72.416486 256.731543 11
438 736.252852 918.834509 19
439 294.928067 188.741346 17
440 766.619916 776.369177 1
441 481.091782 926.432489 1
442 930.254645 921.359738 15
443 287.449277 451.640361 12
444 920.308195 750.035701 5
445 986.293271 135.164416 14
446 964.900780 453.094002 11
447 111.844907 540.687534 13
448 429.056415 573.938281 16
449 417.149021 836.120426 5
450 364.712976 273.545387 2
451 117.352187 839.163010 15
452 828.917747 113.744051 19
453 524.584967 31.925776 19
454 65.677440 266.149912 17
455 22.049811 186.461374 13
456 154.203741 196.027865 7
457 590.259521 932.791140 20
458 627.175175 502.791719 17
459 200.307986 770.695025 16
460 911.390287 274.665671 8
461 673.392010 760.240352 11
462 690.448934 900.602887 10
463 857.052605 671.534755 8
464 640.738251 578.030219 5
465 453.557045 390.296460 8
466 756.527785 768.630291 9
467 912.810705 400.693558 15
468 402.558682 684.422944 14
469 224.420607 139.989344 7
470 910.576125 634.012743 10
471 249.898063 117.586844 4
472 267.785933 884.809409 20
473 417.624909 404.853765 7
474 606.532955 681.342202 15
475 662.420387 831.698824 17
476 899.683955 624.387013 15
477 895.507684 760.635225 8
478 733.252778 931.342468 15
479 485.394196 669.809177 20
480 204.653710 952.772174 11
481 445.167733 598.245653 2
482 70.442293 524.557295 1
483 517.755010 958.317388 5
484 299.936631 700.632832 16
485 299.796786 927.331246 11
486 769.244848 571.893551 8
487 309.790395 541.470549 18
488 545.139223 596.833247 5
489 117.468335 415.358340 15
490 86.500546 249.949090 4
491 998.435249 210.653265 12
492 614.404459 453.060974 11
493 334.062277 486.965894 20
494 310.934116 282.116861 19
495 671.538206 885.132249 9
496 898.776895 194.924650 20
497 6.974230 274.275626 3
498 773.610613 631.378030 18
499 148.884791 852.666828 15
500 126.557806 395.507789 8
501 560.321898 200.687784 19
502 842.820543 64.583650 9
503 407.865828 236.980143 18
504 889.520767 446.071395 12
505 208.640914 530.931152 17
506 334.953769 611.145989 6
507 114.824617 471.218016 13
508 943.854729 8.697580 14
509 496.616339 573.308549 12
510 283.396505 522.083236 12
511 264.734980 412.432860 16
512 817.164886 714.122812 3
513 488.580796 579.681230 16
514 431.153030 854.547666 6
515 230.211231 587.471398 8
516 90.407561 997.784678 5
517 22.917560 177.078346 11
518 505.503433 578.359706 1
519 547.333534 484.349505 5
520 628.592901 147.280921 10
521 416.783277 504.354093 8
522 808.318153 457.819738 5
523 163.406534 947.386916 11
524 627.290941 886.395559 3
525 928.998382 274.735646 6
526 112.242348 638.241599 10
527 952.415188 12.754569 13
528 717.150622 425.261730 14
529 141.148564 801.708338 14
530 67.016864 557.294509 6
531 238.573189 896.852883 19
532 413.564157 787.818755 9
533 169.929797 401.922965 2
534 692.113676 5.695145 5
535 110.785250 291.116557 16
536 905.279726 149.124994 7
537 254.385787 975.129114 20
538 547.746262 774.217496 13
539 412.939330 31.193058 14
540 885.507581 104.364440 9
541 797.451026 992.401068 5
542 697.551142 372.996766 11
543 629.747293 127.881067 8
544 290.305295 377.755840 15
545 771.330835 620.991930 15
546 24.807175 858.251245 14
547 133.307086 413.482229 13
548 968.927193 455.778851 5
549 25.869984 238.196410 18
550 360.075297 564.599372 12
551 295.124268 128.567823 1
552 883.959207 256.710104 8
553 641.426509 80.714179 15
554 461.198149 299.395075 6
555 216.569825 925.788203 2
556 73.002556 431.460665 20
557 289.401651 312.146150 14
558 418.240125 49.721131 1
559 609.776838 164.227322 19
560 764.279079 217.400081 13
561 30.003150 717.040372 19
562 632.018413 871.543404 9
563 851.838704 233.500773 14
564 419.913802 966.959298 7
565 393.278666 568.148047 19
566 916.112905 643.649112 16
567 573.576728 130.161462 10
568 493.343071 360.012591 1
569 529.637364 395.356821 18
570 897.679513 81.522842 7
571 689.048197 237.197711 12
572 904.989177 144.594362 7
573 797.284799 199.612241 4
574 419.616232 955.283435 6
575 551.489087 184.219171 15
576 847.135004 999.655464 2
577 381.463975 880.471172 3
578 141.083462 785.513915 17
579 631.384929 253.168972 12
580 595.775510 94.022172 13
581 645.086886 77.496360 6
582 716.872936 95.863511 12
583 63.282342 118.559642 13
584 273.027329 455.009009 15
585 617.424763 550.353952 6
586 501.325831 706.752549 12
587 798.596723 818.420867 1
588 87.063436 133.515974 13
589 519.608707 389.651948 4
590 552.388643 611.013775 9
591 687.041513 15.203818 5
592 572.842292 820.306773 7
593 996.775644 680.092831 17
594 900.037228 814.989523 13
595 207.580210 86.352347 11
596 989.264702 827.666840 15
597 152.071227 752.370119 5
598 584.554049 443.328920 1
599 47.221334 745.073870 15
600 852.515288 780.790655 2
601 716.972267 662.392507 2
602 794.902072 601.534912 13
603 853.344136 977.702964 4
604 170.303383 58.997865 13
605 3.450157 90.239512 10
606 386.532258 237.775642 6
607 363.885371 975.014282 15
608 889.025096 945.221491 3
609 582.149322 992.449065 17
610 536.984353 873.375606 7
611 905.672317 257.169535 2
612 354.605722 687.913545 2
613 303.396732 95.383574 14
614 437.520109 36.689041 19
615 602.055616 519.462324 13
616 796.043452 715.021631 7
617 943.201227 711.039610 17
618 581.744765 121.532759 8
619 457.637557 972.273800 19
620 18.975658 676.827286 8
EOF
