# seed=1002
# generator_version=0.1.0
NAME : small_loose_b
CUSTOMERS : 250
DEPOTS : 12
VEHICLE_CAPACITY : 50
ROUTE_FIXED_COST : 15.00
DISTANCE_FORMAT : COORDS
DEPOT_SECTION
1 196.843974 232.520515 1129.58 1238 25
2 419.782016 238.099363 840.19 729 15
3 610.270259 252.852295 787.02 472 10
4 796.845412 238.420997 473.54 640 13
5 215.610688 516.425636 916.14 654 14
6 407.516870 484.985695 825.79 1025 21
7 593.317497 499.145205 415.87 163 4
8 791.180872 484.036905 382.81 1958 40
9 202.344007 767.137756 845.80 1 1
10 398.485081 756.955794 580.95 154 4
11 598.600690 756.276743 876.70 1 1
12 799.653810 769.002053 1046.77 1 1
CUSTOMER_SECTION
13 315.137745 524.806513 34
14 785.015177 404.791520 5
15 312.271290 320.516495 1
16 677.166951 468.136807 3
17 838.496656 409.410821 3
18 799.755665 355.113792 5
19 425.866291 528.455924 43
20 937.997898 304.272740 3
21 387.872906 494.776494 3
22 798.475410 351.654182 5
23 229.133578 53.176079 5
24 289.315455 446.776722 50
25 510.918270 365.291931 2
26 334.821572 261.086330 4
27 678.133678 369.502214 46
28 863.819603 292.051699 2
29 78.426622 218.790932 3
30 377.688367 396.578028 25
31 138.849792 156.335673 4
32 306.675053 255.908991 3
33 708.269556 387.483708 29
34 750.607457 376.555962 3
35 403.258174 376.282242 4
36 177.207037 79.331336 2
37 645.379779 467.774987 1
38 700.585286 407.590335 48
39 849.454685 345.057270 4
40 208.317600 442.427148 22
41 816.847477 553.351466 45
42 315.534005 403.731991 4
43 767.713676 272.308225 5
44 319.278031 547.785935 2
45 268.743967 633.807951 2
46 481.177635 305.277402 1
47 858.164968 359.612404 2
48 626.033203 367.685806 45
49 200.069440 0.000000 3
50 316.891887 317.954828 2
51 361.198990 544.640908 3
52 754.059261 400.954431 3
53 822.743265 490.393219 40
54 165.562396 140.945414 1
55 761.857217 309.040853 5
56 872.387105 326.983188 1
57 267.086699 480.662802 1
58 718.783313 367.978779 5
59 676.433270 489.130034 2
60 326.293419 440.856196 1
61 758.252827 514.952883 3
62 263.173904 204.898048 4
63 774.223086 321.751182 5
64 494.865488 279.812130 1
65 412.434888 733.838347 28
66 897.156792 383.322595 4
67 859.518962 524.575181 2
68 262.753266 194.811339 4
69 706.854133 351.945811 42
70 430.750627 568.953175 4
71 309.653573 153.009127 2
72 654.280479 344.416323 21
73 349.020960 550.273129 1
74 230.459763 575.863577 22
75 315.456903 698.580789 5
76 429.653015 586.254994 2
77 329.181288 477.701825 32
78 898.328453 469.902811 5
79 251.393504 549.618043 44
80 302.751696 111.141480 2
81 131.326035 83.935201 4
82 501.527665 525.601688 4
83 93.619575 167.757417 1
84 332.997414 574.808669 1
85 367.160009 301.557875 5
86 625.185066 249.798331 2
87 128.783492 159.404656 30
88 340.447648 85.667115 2
89 482.291885 302.106967 46
90 731.911430 388.324699 3
91 735.063490 505.046299 5
92 310.449562 380.089621 1
93 447.235420 305.339764 2
94 336.563905 341.253520 1
95 451.748964 475.312817 3
96 113.366060 107.018613 4
97 827.639963 432.882646 2
98 418.195762 512.954168 39
99 131.285385 218.641879 1
100 668.867251 374.584419 41
101 849.432269 446.121624 32
102 133.321831 89.226226 3
103 732.798317 375.192476 38
104 447.203911 251.501768 32
105 938.729601 442.667218 27
106 767.012322 431.010424 2
107 884.488822 410.723374 3
108 589.310736 457.422046 2
109 774.304881 315.378625 1
110 233.490183 396.072988 3
111 839.617478 233.064066 3
112 654.225376 378.865662 2
113 175.515672 105.111969 28
114 62.516097 0.000000 1
115 204.341462 303.087695 2
116 901.832812 545.175191 1
117 128.432283 20.494345 35
118 881.491137 497.782001 50
119 320.560533 143.095802 42
120 373.959527 176.075989 26
121 289.054760 270.744389 50
122 717.003822 423.417219 41
123 321.851381 258.549369 2
124 701.595451 448.714003 2
125 215.247209 199.649235 4
126 706.435375 406.949654 20
127 429.968291 404.383442 4
128 0.000000 310.805195 43
129 362.933889 254.323952 4
130 266.454986 521.672120 2
131 216.043604 254.512395 2
132 586.693010 373.440945 4
133 216.798931 30.695013 36
134 237.013408 78.821534 5
135 787.509053 413.085423 4
136 263.047782 70.053327 5
137 0.000000 0.000000 1
138 374.582198 590.462909 36
139 352.614229 380.908078 2
140 702.550953 412.955585 1
141 920.234965 329.617203 34
142 338.377981 555.839831 2
143 665.540410 437.305671 33
144 993.498335 381.858779 20
145 493.098235 585.858704 4
146 345.904492 616.307879 50
147 317.548569 533.992400 4
148 243.777597 483.027701 22
149 172.371546 178.237216 3
150 235.341793 54.456836 2
151 162.982267 32.797390 4
152 57.879566 132.334796 20
153 384.610097 408.759337 37
154 827.069023 489.045277 4
155 787.644518 358.413366 29
156 197.145314 197.513344 4
157 893.624293 382.935713 5
158 875.109863 496.738532 1
159 446.200212 218.178723 49
160 977.011586 386.978039 5
161 388.327996 528.585224 3
162 146.516840 146.666959 32
163 291.511986 618.609908 35
164 81.311618 138.238983 40
165 880.822609 521.421420 2
166 192.862276 436.837643 2
167 220.854712 32.105851 1
168 811.407437 343.212251 1
169 74.101782 77.032844 1
170 356.277057 319.646595 1
171 873.665108 345.421779 33
172 402.747526 410.136081 4
173 361.676987 527.655811 5
174 217.465795 161.959817 2
175 676.498732 354.310910 2
176 450.068201 641.784658 33
177 757.333704 259.729949 5
178 182.351479 185.015607 5
179 339.679790 402.361241 5
180 94.379038 157.703883 1
181 409.006140 397.175633 3
182 389.005592 193.315726 46
183 318.511576 411.603337 3
184 894.587630 410.578484 20
185 174.332469 93.261628 4
186 850.901314 383.597344 36
187 354.381151 524.071199 1
188 792.600717 362.425030 4
189 729.118573 370.264719 22
190 758.044298 491.308319 44
191 56.828405 49.663669 3
192 181.778304 420.292635 3
193 904.971951 300.081513 50
194 348.784557 710.664056 3
195 747.431998 431.267437 38
196 871.484162 316.972007 41
197 730.405373 535.082543 27
198 314.053106 492.183725 5
199 814.058701 441.391143 2
200 380.763303 492.189441 32
201 872.509967 372.322832 2
202 797.661453 382.329784 33
203 79.460236 201.720958 39
204 801.781995 427.561716 4
205 295.642363 95.600643 21
206 499.358106 473.235447 5
207 82.153380 105.727044 2
208 278.614706 247.237519 3
209 868.799680 374.530890 2
210 396.962309 584.972886 3
211 283.312688 500.513416 43
212 786.912057 471.776119 21
213 856.369855 361.112086 2
214 131.613448 124.209949 2
215 890.612875 467.766866 1
216 468.796567 438.318740 2
217 392.707665 573.650143 4
218 350.434026 371.118298 41
219 320.748948 583.792511 1
220 470.615920 257.013294 31
221 715.787692 537.273081 5
222 211.010613 211.426140 4
223 446.709688 465.103934 22
224 376.259423 304.141285 3
225 608.407969 382.232005 3
226 794.561016 427.901551 42
227 367.471241 539.439189 2
228 409.507238 378.358606 2
229 401.078920 499.682481 3
230 263.438215 305.345814 36
231 306.747761 490.651350 4
232 862.505651 363.235164 30
233 67.551047 149.793636 4
234 843.605567 409.531311 4
235 757.880958 250.506152 3
236 872.868499 561.327525 36
237 114.980943 187.924831 1
238 781.571211 423.428708 24
239 887.113344 364.925054 2
240 419.838274 326.791672 1
241 248.828161 573.738025 4
242 742.297982 393.695001 5
243 514.072122 416.219879 24
244 905.597845 392.220737 1
245 321.021293 81.098799 1
246 676.456699 355.405680 5
247 384.228450 513.067972 3
248 195.014216 0.000000 21
249 108.400914 223.255328 5
250 358.462704 514.176363 2
251 134.882534 95.996485 3
252 347.548839 249.007483 22
253 347.644608 576.406015 4
254 144.968923 86.103278 3
255 249.216976 323.509880 1
256 804.608475 331.148537 49
257 756.940941 372.609481 5
258 534.307883 430.784135 1
259 779.113842 501.675824 4
260 210.140230 84.579640 2
261 875.657473 460.420306 4
262 324.837207 51.820156 3
EOF
