# seed=2008
# generator_version=0.1.0
NAME : medium_asym_depot_binding
CUSTOMERS : 800
DEPOTS : 24
VEHICLE_CAPACITY : 70
ROUTE_FIXED_COST : 25.00
DISTANCE_FORMAT : COORDS
DEPOT_SECTION
1 171.677531 149.764650 1100.47 479 14
2 323.531342 148.956786 1213.28 342 10
3 508.469366 161.145487 1147.58 474 14
4 684.526650 174.301821 1191.66 259 8
5 814.891995 177.669713 812.11 510 15
6 147.699133 314.723922 1499.26 357 11
7 317.780317 342.380361 1333.32 340 10
8 488.370547 337.961567 1154.10 272 8
9 686.180636 345.364979 889.18 390 12
10 814.380662 325.720930 1494.02 278 8
11 156.075142 510.437424 1096.67 366 11
12 351.227527 488.030939 1509.20 138 4
13 490.537696 492.538912 1430.13 226 7
14 669.996925 510.109376 1352.38 229 7
15 830.221161 514.583126 969.79 437 13
16 163.861903 647.446622 1587.37 464 14
17 331.537517 678.284672 1043.86 287 9
18 506.666159 671.641798 723.82 346 10
19 669.650519 673.808207 947.16 235 7
20 820.441086 673.915582 804.74 779 23
21 173.238407 823.561964 1044.23 666 20
22 332.444915 837.229985 772.80 319 10
23 518.507046 850.593261 1500.67 513 15
24 675.664194 813.707173 1117.16 605 18
CUSTOMER_SECTION
25 895.157510 685.952029 13
26 846.828212 14.393736 3
27 254.677159 769.496333 7
28 617.529120 937.368161 3
29 62.204967 589.358024 20
30 883.058869 43.129090 14
31 304.443995 870.329242 3
32 758.537947 921.858738 9
33 538.997060 409.884408 9
34 52.284222 827.235534 11
35 454.182797 49.225791 19
36 427.848168 774.085649 19
37 495.356660 824.291691 20
38 571.374659 348.516308 15
39 4.703564 563.651430 18
40 989.887465 483.582176 18
41 96.408902 733.463666 7
42 215.172379 93.281743 12
43 372.802392 773.052867 14
44 506.941986 788.177273 2
45 544.210249 983.265956 1
46 295.149205 17.391804 7
47 797.793177 768.046944 16
48 242.899598 142.420432 11
49 17.848576 896.347386 3
50 0.105730 322.555900 16
51 898.339485 853.854084 4
52 673.771325 447.629233 14
53 433.308239 526.682218 18
54 84.821351 316.126587 19
55 125.398640 915.751895 12
56 579.527979 804.212372 2
57 137.534000 777.466907 12
58 878.209394 869.542754 7
59 26.988661 100.027205 9
60 128.054567 315.866015 10
61 434.374111 18.507703 13
62 888.828628 229.504494 9
63 417.480249 910.234790 1
64 549.609806 505.611449 13
65 946.125555 645.939757 15
66 647.599724 987.510216 5
67 782.698188 389.271601 14
68 781.749266 931.710287 18
69 144.445179 155.342737 2
70 945.072779 124.678596 16
71 991.891479 483.904626 5
72 786.345127 647.529567 8
73 2.812830 135.804774 1
74 306.967379 368.368792 10
75 275.501858 403.011097 5
76 791.232273 18.900842 14
77 800.881988 455.923825 15
78 553.538220 699.134248 7
79 248.250061 852.570390 16
80 429.462671 194.784132 2
81 691.388699 444.017377 11
82 896.010653 535.691550 5
83 21.566999 830.259232 6
84 805.949250 26.509106 9
85 26.633697 991.019839 13
86 264.544367 743.729786 10
87 428.382894 839.583224 6
88 754.730483 261.991559 15
89 179.199658 258.380260 2
90 963.096645 911.768951 11
91 486.221651 133.392018 12
92 217.914318 699.231289 16
93 391.534766 262.306527 2
94 622.747118 424.968128 7
95 12.626691 468.980964 15
96 784.371284 899.490917 20
97 992.998207 987.636668 3
98 448.149918 599.983867 3
99 891.488771 966.542415 9
100 468.655519 904.892229 10
101 18.510822 848.425011 17
102 89.364271 922.824921 19
103 139.267098 553.184220 16
104 995.328186 680.746908 7
105 459.983425 683.814092 18
106 499.624561 362.867719 19
107 174.727007 988.720806 13
108 919.129989 135.795649 1
109 359.119360 747.837248 5
110 423.176092 138.784056 5
111 83.635602 534.666029 19
112 492.926832 157.067503 16
113 980.587855 298.110990 2
114 918.799958 108.388924 17
115 458.429949 946.587525 5
116 112.265456 562.553247 4
117 419.551367 597.028500 1
118 657.065492 452.700284 3
119 244.307511 316.994577 13
120 804.705414 721.174396 13
121 914.732203 934.481928 4
122 356.242715 351.810205 9
123 751.393866 733.059605 20
124 398.024506 280.708827 8
125 641.313538 599.554921 17
126 713.656005 307.915137 1
127 189.643212 604.012958 20
128 908.997008 503.085753 19
129 345.715329 188.080906 10
130 257.300590 8.809999 12
131 850.693426 480.393924 1
132 610.902951 406.714192 11
133 801.561441 479.102051 19
134 431.994792 786.745108 14
135 182.298317 931.560941 16
136 766.212122 33.843505 9
137 583.780449 469.954469 14
138 949.268319 534.798418 10
139 548.658721 126.008534 9
140 272.234055 382.173772 6
141 989.428487 521.745436 13
142 253.768921 357.044692 9
143 306.520284 945.422353 18
144 123.030189 795.631737 17
145 639.411875 790.678443 14
146 326.098793 124.175329 11
147 300.148299 197.606934 3
148 667.846955 659.261014 10
149 620.333394 790.803687 10
150 228.821999 666.081952 8
151 339.644360 259.329340 5
152 507.770715 409.970719 20
153 733.883297 242.296712 17
154 402.032010 994.996656 18
155 634.177929 445.934655 10
156 589.039317 889.155313 18
157 536.182837 815.592649 11
158 213.287232 174.494106 1
159 577.461575 168.612186 18
160 942.272051 340.576136 17
161 578.348527 339.727808 14
162 885.540469 93.069614 6
163 287.752196 237.560245 15
164 852.997574 33.821609 10
165 866.589226 785.713056 16
166 77.413826 791.612245 11
167 406.271269 337.090515 4
168 64.886789 120.368553 5
169 811.607031 242.715608 18
170 384.071314 279.350911 17
171 334.056498 497.339996 11
172 129.127232 542.344449 12
173 975.502200 767.754932 5
174 202.816364 906.513937 5
175 439.609854 220.305543 20
176 858.232742 348.061120 4
177 645.394791 558.487463 7
178 594.555647 869.343331 9
179 662.318956 956.966322 19
180 69.624146 56.261729 1
181 23.583109 109.988485 13
182 101.058581 696.051454 9
183 474.397673 540.165740 11
184 738.962714 389.389486 7
185 574.184916 351.438426 12
186 640.687785 476.482038 1
187 400.197413 186.035039 20
188 654.841804 962.161563 18
189 158.364554 317.131567 5
190 511.744617 364.928171 20
191 588.145312 788.068599 12
192 371.760135 625.109832 10
193 734.512657 330.775112 15
194 277.471126 728.344669 15
195 734.328683 285.170176 19
196 437.767500 828.718144 16
197 971.635992 540.468288 4
198 330.802337 469.686937 1
199 560.725697 527.188518 11
200 288.685485 454.388268 5
201 221.735346 93.947065 11
202 643.872779 448.160220 5
203 156.156337 220.219765 5
204 14.367462 112.995470 13
205 875.499919 607.629220 11
206 538.043357 18.840157 1
207 410.819809 910.631431 14
208 233.942265 965.941306 18
209 156.737483 264.204945 15
210 818.081893 728.064102 2
211 927.746311 614.393198 8
212 201.105367 291.209830 3
213 293.863264 728.101719 11
214 9.506375 679.390475 2
215 181.212122 858.818043 7
216 942.658132 255.229775 15
217 697.048762 419.675065 8
218 827.326557 962.000708 15
219 601.166506 465.699899 10
220 10.656097 879.106358 6
221 810.395633 735.633565 9
222 978.442104 858.198171 3
223 669.213857 924.245083 8
224 172.366024 939.217484 2
225 873.881776 526.199428 10
226 931.812798 865.436488 20
227 382.156697 357.185084 11
228 668.730998 925.305253 6
229 90.703062 932.780516 10
230 727.756517 984.431978 2
231 616.060019 891.759630 1
232 891.657296 437.269608 14
233 129.494240 356.677185 13
234 669.310938 472.923610 12
235 476.364721 183.997537 5
236 219.837315 625.430955 14
237 520.391319 749.983430 17
238 8.476303 429.330914 13
239 414.624838 851.915713 10
240 886.544107 4.679745 16
241 527.928250 716.814499 8
242 247.033285 484.929678 12
243 495.954971 59.672182 15
244 137.245897 374.374181 18
245 388.598448 683.523141 13
246 406.034513 621.967089 7
247 21.622734 201.848224 6
248 122.390331 243.661256 6
249 328.882068 414.333336 7
250 983.777126 726.791943 16
251 989.624697 789.064017 14
252 451.848565 25.488251 10
253 606.126857 98.093989 20
254 116.596339 546.654574 5
255 185.655710 905.178418 4
256 526.034066 114.310748 16
257 548.488665 627.360955 7
258 809.949064 648.367341 14
259 527.114554 792.463142 17
260 395.973555 643.700373 8
261 659.637270 625.234660 16
262 924.063249 693.308108 9
263 850.876835 421.164062 6
264 858.492384 747.940408 15
265 467.396594 150.751599 14
266 659.666737 547.977580 5
267 78.041421 909.850373 19
268 147.807881 461.220437 16
269 490.038490 889.195306 20
270 412.014965 760.907530 16
271 613.873262 642.606343 6
272 21.849448 644.208506 10
273 866.822517 415.449551 5
274 364.610356 738.058864 6
275 873.277415 136.773622 17
276 418.821112 330.855998 1
277 856.960953 602.203580 6
278 388.741262 195.203290 9
279 945.231658 749.911109 20
280 712.833920 846.310693 13
281 285.221679 30.554521 2
282 836.505407 282.528005 7
283 886.908362 390.743180 5
284 57.884755 503.829240 12
285 673.199948 458.427949 11
286 402.183273 353.540760 10
287 121.666486 627.384165 18
288 602.796690 381.140386 11
289 921.638648 654.991122 9
290 729.758884 184.132959 11
291 924.085039 83.581351 10
292 637.639346 28.613594 6
293 975.585735 159.138408 5
294 806.839635 914.573385 18
295 594.970772 938.211940 8
296 40.812392 941.582820 13
297 430.098070 840.889788 4
298 677.231206 207.547388 6
299 792.515231 708.337796 6
300 715.084089 766.371775 2
301 32.860126 294.924348 5
302 146.600265 932.901576 15
303 784.056471 23.215695 5
304 669.299485 172.371760 3
305 110.647456 112.242566 4
306 703.402223 473.919988 11
307 201.476707 697.566943 9
308 116.712612 657.756914 1
309 598.781778 994.187191 11
310 419.767037 614.926871 14
311 793.274799 773.366863 19
312 311.043377 173.334446 16
313 92.247411 160.547673 1
314 420.558931 751.112513 6
315 3.308374 352.461788 12
316 105.516811 339.999331 15
317 951.650253 413.904057 5
318 746.018139 155.203580 10
319 690.497509 380.347230 12
320 59.949174 710.734362 5
321 362.364040 390.115268 12
322 418.842375 362.410252 7
323 589.266364 204.292904 2
324 238.030349 513.015695 10
325 605.240173 339.055244 19
326 632.259410 433.434686 3
327 22.852218 634.189153 20
328 479.598923 320.171008 12
329 107.465120 384.040327 14
330 622.576085 787.770271 20
331 490.176571 413.031807 15
332 783.721803 86.085403 18
333 802.632846 334.295767 14
334 596.737002 287.452785 3
335 636.669533 767.924851 11
336 52.000778 16.948130 11
337 234.977841 996.177278 11
338 179.235109 757.318396 8
339 623.145185 845.500781 16
340 24.988175 131.797403 11
341 731.467774 892.374399 8
342 428.386256 935.532226 18
343 378.218478 590.887086 15
344 821.303756 634.112343 13
345 139.115964 294.327892 8
346 373.388248 971.818552 1
347 581.834787 74.003438 19
348 389.636694 182.260044 19
349 9.734554 405.138885 19
350 700.861374 975.189392 9
351 256.053921 401.441944 17
352 627.773729 235.921187 1
353 296.724812 750.972115 5
354 649.376226 547.234066 9
355 410.310624 602.011807 1
356 628.337707 11.701308 1
357 338.336478 138.561387 18
358 528.337067 116.529391 19
359 197.046892 458.649270 15
360 821.774189 576.646550 17
361 798.252189 892.441960 7
362 336.855669 47.967797 19
363 979.309959 997.220715 20
364 321.472592 952.966615 20
365 235.741312 229.621066 13
366 507.556469 421.921356 16
367 438.696436 812.860740 9
368 974.911206 783.664678 4
369 242.732886 997.748527 11
370 616.600580 703.153864 4
371 607.033741 370.911382 9
372 512.996349 295.090042 13
373 822.415373 404.520423 6
374 4.871286 569.868270 18
375 496.417053 705.461995 8
376 891.879938 856.365026 6
377 75.553701 995.122917 10
378 285.994852 485.014159 3
379 736.169130 21.890459 14
380 731.613854 490.908083 17
381 989.786065 72.408310 14
382 662.849134 901.654163 4
383 63.453947 886.324951 1
384 233.719110 706.138178 11
385 373.825868 312.581438 16
386 305.061505 309.359730 10
387 182.921686 856.753383 5
388 397.198259 309.897237 19
389 910.674118 621.493068 4
390 743.211681 727.261290 19
391 756.065418 381.841699 11
392 894.722595 535.699794 7
393 998.683298 676.004242 12
394 140.639653 309.019356 13
395 771.838573 913.457425 3
396 41.228505 578.688039 12
397 479.156776 639.651488 20
398 6.530055 420.604936 7
399 183.551645 674.468719 7
400 760.653515 420.028052 6
401 404.226842 348.145638 19
402 318.726085 175.178023 6
403 168.350924 796.090539 1
404 732.892667 376.853866 19
405 786.332236 275.793456 6
406 925.517345 892.292811 4
407 965.454717 967.686419 6
408 660.771875 400.804700 6
409 559.673303 752.306900 20
410 878.608189 92.759042 3
411 685.617771 76.426862 9
412 431.597940 292.055404 11
413 657.503805 720.616291 14
414 694.967045 997.627316 4
415 287.019976 348.095507 4
416 221.757632 307.929743 7
417 370.606008 558.356523 2
418 483.488757 253.601060 6
419 323.351604 269.250242 1
420 744.530902 358.354654 4
421 387.552825 400.766804 9
422 468.594959 707.599122 7
423 220.532851 840.659702 12
424 636.562094 822.516397 12
425 360.135803 183.768225 17
426 327.051011 398.381076 8
427 15.425510 625.418427 1
428 876.181398 777.125106 10
429 771.661100 788.712204 14
430 332.850549 381.762558 20
431 316.739746 504.495422 16
432 387.102139 697.499049 15
433 587.859703 155.137488 19
434 326.722476 173.080095 9
435 162.810444 542.269876 3
436 397.693033 295.203136 17
437 832.983040 633.506538 14
438 202.809919 195.514694 17
439 460.583001 518.834973 2
440 317.175882 791.614747 15
441 967.289897 138.621884 12
442 385.133747 710.695075 12
443 735.516127 262.175283 1
444 874.648908 916.688128 2
445 62.704831 145.364327 18
446 828.147699 38.384947 14
447 990.381684 507.111354 12
448 510.398835 31.103315 1
449 211.977177 603.264025 19
450 523.020535 704.327516 14
451 89.671269 989.960287 18
452 526.733728 18.266683 13
453 19.389586 728.604583 11
454 295.923628 652.406827 7
455 222.133214 569.678360 11
456 354.026430 742.506042 18
457 279.508652 587.492263 5
458 555.788036 267.580581 16
459 324.618809 675.049600 12
460 194.314790 408.665601 1
461 23.560000 158.228711 9
462 180.889004 102.305736 1
463 143.382458 455.765936 2
464 43.169812 677.905920 1
465 936.442525 224.364540 1
466 711.944870 789.531701 2
467 9.131470 104.441499 19
468 155.968451 22.987584 18
469 491.937664 963.631566 15
470 541.242416 315.420420 12
471 27.335234 913.634599 4
472 543.272694 540.297770 16
473 718.718102 398.501077 18
474 722.630158 207.775918 2
475 590.223038 304.776309 16
476 515.106707 822.523187 4
477 211.487371 639.136958 13
478 707.670085 102.189487 15
479 571.926784 939.021136 9
480 439.860155 206.505064 20
481 446.462676 728.153503 19
482 885.515079 455.399568 3
483 771.650151 327.690356 2
484 758.813264 784.056936 7
485 562.684510 70.847348 6
486 441.886941 602.613408 9
487 187.676294 554.505048 5
488 918.218933 69.790159 5
489 191.961670 554.865724 2
490 438.641012 121.223635 7
491 507.879187 968.679967 20
492 683.896205 906.291416 3
493 539.928939 540.693314 12
494 879.862301 84.593692 1
495 217.607187 678.681307 13
496 915.762978 983.578635 9
497 246.055294 965.923200 12
498 251.083971 575.672662 14
499 302.534921 512.047506 16
500 703.156509 853.821557 5
501 543.795811 729.525427 17
502 677.189611 998.197576 5
503 144.735572 497.481609 14
504 578.336613 539.333830 3
505 0.304971 90.183760 14
506 33.903615 363.030461 15
507 760.932728 711.487741 7
508 567.481473 612.704492 18
509 940.463584 152.294644 7
510 335.916856 952.612597 10
511 489.459713 477.302877 8
512 212.449406 686.186083 14
513 945.940335 745.404344 2
514 938.802013 161.176393 4
515 620.166874 11.005747 16
516 194.036640 966.337749 10
517 674.799443 340.717613 5
518 209.123535 544.294930 6
519 321.299138 434.496604 3
520 822.040381 91.081136 18
521 948.504536 172.987275 10
522 228.414885 234.054460 16
523 604.251685 347.796217 13
524 485.455272 926.915802 2
525 606.188083 966.421505 4
526 518.054135 591.723652 16
527 739.583426 338.732452 2
528 970.725182 701.058196 20
529 301.277892 584.786040 10
530 687.916024 196.699960 10
531 117.410803 178.932445 20
532 618.708380 219.043007 20
533 638.578754 626.160782 20
534 432.819062 435.566654 18
535 366.373683 256.259256 18
536 80.374106 489.931750 13
537 840.942938 486.541994 20
538 425.402810 518.645609 15
539 907.682267 753.023164 2
540 450.280835 417.252757 2
541 3.892399 776.642468 4
542 604.518247 579.505072 2
543 644.131023 45.548465 15
544 791.041623 672.144519 2
545 277.726707 989.443575 1
546 998.400902 676.364691 9
547 878.001155 157.048825 4
548 608.820403 983.278616 15
549 274.059966 53.969441 2
550 176.225639 653.499997 19
551 763.930767 265.558862 18
552 456.007507 571.215544 17
553 567.777495 10.684122 11
554 809.447596 384.456062 2
555 100.978097 20.887235 13
556 982.486775 502.702866 20
557 712.342686 898.211976 17
558 247.860377 627.729250 17
559 432.272684 932.115379 1
560 831.012827 815.389662 20
561 61.144351 967.801109 1
562 962.545836 634.004309 12
563 781.602459 243.342580 14
564 683.694182 28.502988 15
565 774.443573 770.555856 13
566 912.018088 726.267323 8
567 675.063070 322.227219 13
568 703.869310 982.404837 9
569 902.119712 197.563718 14
570 666.490042 296.544174 18
571 398.786565 241.318529 10
572 429.833891 76.258046 16
573 984.961873 286.841256 5
574 839.292728 878.026123 13
575 628.952157 928.973328 6
576 755.411661 457.510469 1
577 834.890490 302.125525 10
578 338.988297 7.932161 7
579 703.720428 546.148635 20
580 245.152402 176.979383 8
581 377.649944 220.464600 7
582 307.074121 860.301137 5
583 628.996018 564.099950 12
584 188.666312 820.151310 4
585 554.776572 516.920908 5
586 81.489408 838.834434 19
587 891.044962 588.690516 6
588 978.000716 989.890867 1
589 465.628787 216.413546 12
590 110.895821 926.153406 13
591 39.764979 577.512574 8
592 493.580937 313.729011 19
593 257.863499 33.978571 16
594 874.305841 502.518193 4
595 321.034777 863.511148 10
596 889.730751 320.406402 16
597 86.714981 990.997817 6
598 541.412187 955.808046 16
599 782.150072 714.388177 10
600 915.109474 735.382400 15
601 174.191160 972.285651 20
602 137.029717 981.684177 4
603 355.566444 125.955705 11
604 603.511287 3.315259 9
605 127.563689 626.085068 14
606 220.620702 747.404526 13
607 905.740015 457.070323 16
608 320.979858 513.437126 14
609 773.813539 8.731610 15
610 346.075739 352.293802 4
611 122.132888 527.980063 15
612 477.886526 710.494589 11
613 30.111464 597.522123 5
614 951.145645 427.943886 18
615 760.920193 298.702851 10
616 546.625466 926.021915 14
617 599.207230 94.988202 13
618 231.987003 151.058395 19
619 946.833122 781.909878 11
620 921.807487 713.557739 3
621 550.508899 421.278036 15
622 941.090743 677.500551 9
623 847.489778 813.511758 3
624 701.536905 414.772395 14
625 533.997757 641.036516 12
626 710.901540 630.950261 13
627 958.756263 57.894447 7
628 295.262567 797.792650 11
629 86.593347 441.152150 10
630 57.341613 967.528955 10
631 578.104013 605.617852 12
632 229.793633 200.840246 9
633 482.102162 859.234053 6
634 666.236391 620.963252 15
635 979.595299 658.575594 3
636 881.828285 661.900760 11
637 117.902489 722.230724 10
638 869.062731 45.184720 7
639 633.670338 206.868685 5
640 612.425724 988.444792 10
641 937.177915 154.275222 3
642 678.263053 924.869135 14
643 102.007473 683.657611 20
644 371.200429 4.967599 20
645 417.052072 827.935990 6
646 654.449079 238.132588 5
647 263.164145 483.924215 20
648 862.119868 240.088063 14
649 364.398626 828.844600 9
650 617.088320 627.595465 20
651 979.501849 895.329756 5
652 544.178264 875.820342 7
653 993.179573 640.372557 10
654 975.319652 932.770876 9
655 679.903424 349.353480 14
656 544.359306 650.286445 8
657 41.885869 229.861031 12
658 608.219068 735.686280 15
659 530.001935 920.268634 8
660 295.370919 404.066257 9
661 117.945673 479.089566 10
662 367.879739 158.438053 8
663 695.561107 895.946841 13
664 532.652816 101.319763 9
665 293.226079 265.052796 18
666 434.914486 783.495651 1
667 685.239549 397.101134 17
668 401.379150 727.493308 15
669 851.887418 0.844385 19
670 840.524072 334.248300 17
671 619.338653 375.370324 4
672 519.408849 819.893999 4
673 255.720794 527.387093 8
674 528.563901 610.828125 6
675 390.370845 230.560389 1
676 35.492839 280.771649 17
677 306.415363 94.416125 12
678 385.186942 637.833412 14
679 609.583325 23.189801 15
680 467.014576 141.324625 5
681 936.313122 334.588933 4
682 70.737569 213.141369 11
683 581.617808 940.250344 17
684 920.693246 462.223067 6
685 982.244755 730.812984 3
686 991.880614 324.068266 4
687 243.500361 933.554861 12
688 672.576647 678.490933 12
689 77.924420 745.792842 19
690 871.029191 464.989984 14
691 371.860327 933.870014 15
692 430.555978 728.667249 2
693 40.398501 131.259886 17
694 888.642800 599.518552 13
695 134.015147 106.994847 14
696 982.203161 499.403129 5
697 255.443645 204.149475 3
698 357.931231 963.228242 11
699 734.111460 6.157115 4
700 847.805237 969.591349 2
701 620.498021 770.252016 16
702 623.161346 594.624229 6
703 428.018626 530.005214 12
704 823.553779 170.953209 15
705 668.094270 869.249468 17
706 786.065529 897.036558 6
707 768.932490 253.267196 8
708 304.314821 935.554043 6
709 421.318237 589.287477 18
710 725.841842 53.550483 13
711 258.135474 822.612112 20
712 481.294646 198.016060 2
713 751.810885 701.730456 12
714 899.123615 444.542840 1
715 966.149325 500.865712 2
716 927.648618 719.575727 14
717 276.667440 919.145708 10
718 528.633472 17.862552 6
719 971.716869 404.089510 15
720 271.396177 582.625639 6
721 798.887428 158.507728 16
722 275.689939 31.207458 17
723 599.328467 43.202891 20
724 647.762535 860.561483 13
725 510.398325 876.866751 13
726 878.148363 428.455649 14
727 164.180643 567.843429 10
728 282.371447 675.316195 2
729 73.155688 675.555466 8
730 979.246111 571.263676 8
731 411.100161 620.056432 14
732 362.370756 425.692422 6
733 120.270675 279.014350 19
734 658.265657 445.954354 17
735 557.753517 220.966343 11
736 140.288644 15.647009 2
737 121.661964 107.330389 14
738 236.998019 909.596817 4
739 12.257082 921.450988 3
740 234.931211 98.622925 17
741 36.594600 988.533180 15
742 626.864357 347.081218 16
743 698.127064 334.552472 20
744 800.705654 36.624320 5
745 74.965990 90.837717 9
746 239.859787 751.354393 15
747 364.249170 335.703262 12
748 653.601668 577.581958 2
749 45.019872 114.484669 15
750 354.318688 524.620692 3
751 967.131348 556.722106 19
752 107.058911 264.261660 6
753 571.839557 951.817399 8
754 183.514487 659.984562 19
755 206.651817 593.053307 8
756 864.045460 600.614958 17
757 867.526493 518.930305 16
758 304.716082 559.427010 5
759 604.897268 664.864058 7
760 202.467689 884.315897 19
761 25.653246 978.889525 5
762 17.532320 42.278363 2
763 724.171743 771.132165 9
764 70.815691 238.266910 8
765 806.004249 693.891595 7
766 203.487935 113.257099 7
767 954.453099 777.493558 5
768 798.089852 451.620998 19
769 764.797367 878.892299 7
770 91.415837 399.159053 17
771 986.081049 734.236202 18
772 855.452798 65.473448 8
773 424.081120 942.166234 11
774 99.205032 224.728206 6
775 151.999839 595.955738 12
776 779.872247 635.334959 15
777 442.150110 844.959944 5
778 872.438798 967.941762 1
779 857.623084 820.068993 1
780 984.454909 406.176514 2
781 77.481964 951.571354 20
782 469.660903 105.066694 2
783 686.937194 608.797451 17
784 241.171541 960.558762 7
785 428.200911 131.804268 1
786 104.081236 666.746856 17
787 873.298457 387.256335 15
788 620.958825 286.685457 12
789 814.072950 352.412471 7
790 889.344478 31.512418 13
791 366.154174 921.422378 1
792 24.341574 893.335588 3
793 494.352412 185.620564 10
794 532.200128 160.990783 4
795 833.944631 853.118893 14
796 200.917382 928.363075 4
797 330.270254 548.083641 19
798 481.685993 810.035757 16
799 509.065720 202.025727 12
800 623.190207 834.896629 20
801 3.317992 999.715734 9
802 655.574135 922.491751 2
803 522.228922 603.772691 19
804 266.109264 611.635377 16
805 505.008596 505.126092 12
806 518.551087 837.171728 13
807 548.617426 996.348093 11
808 63.796303 937.941470 18
809 199.128399 716.594830 5
810 479.576420 176.186389 2
811 188.458413 56.682928 5
812 829.526677 353.484991 5
813 497.587905 775.391182 3
814 97.927572 229.169903 20
815 447.149776 873.434829 20
816 76.823697 581.438127 8
817 995.857474 468.067468 17
818 598.628374 408.261343 7
819 870.629779 859.139456 2
820 980.670646 166.852638 19
821 429.092877 807.962866 4
822 940.581312 508.191517 4
823 53.355217 161.563478 7
824 775.538084 643.244295 18
EOF
