# seed=2009
# generator_version=0.1.0
NAME : medium_asym_vehicle_binding
CUSTOMERS : 900
DEPOTS : 28
VEHICLE_CAPACITY : 70
ROUTE_FIXED_COST : 30.00
DISTANCE_FORMAT : COORDS
DEPOT_SECTION
1 136.840154 171.168100 612.32 1272 9
2 271.383541 162.541283 1517.48 1036 7
3 431.959236 167.284703 1020.09 772 6
4 570.925946 156.107121 1328.12 900 6
5 728.116290 159.523868 674.63 763 6
6 856.327477 170.056384 1021.62 967 7
7 132.088216 342.479693 689.22 636 5
8 276.340104 346.701815 1316.26 518 4
9 419.362867 340.623627 1724.88 327 3
10 556.698343 322.922289 629.59 734 5
11 729.896425 338.666643 1142.41 509 4
12 837.662048 336.445262 1070.61 716 5
13 151.666824 490.086805 1507.23 965 7
14 281.236346 516.108165 1057.00 283 2
15 420.970020 485.654685 797.18 494 4
16 559.888274 509.928323 1380.19 556 4
17 713.366086 492.611185 1259.84 478 4
18 875.229624 509.476792 1110.53 552 4
19 147.154306 666.299355 1311.88 854 6
20 298.391319 670.952968 731.72 569 4
21 432.807560 648.760474 813.15 512 4
22 574.418214 682.967842 605.64 585 4
23 719.503441 684.878964 858.35 618 5
24 876.758835 685.094109 1150.98 1676 11
25 123.034831 849.310867 1007.85 943 7
26 272.148659 849.061736 1735.26 514 4
27 420.143655 830.523192 1709.20 794 6
28 587.290001 835.403181 1013.83 1403 10
CUSTOMER_SECTION
29 211.957756 601.456290 10
30 985.811710 427.471565 9
31 335.143378 182.724296 20
32 678.333940 295.171399 18
33 723.483584 107.335863 14
34 460.039413 243.983596 11
35 603.385315 830.448989 15
36 861.882936 796.176466 7
37 72.928120 257.076345 20
38 653.507532 432.828800 13
39 372.414516 519.264411 7
40 470.336184 657.434944 20
41 826.938836 661.071207 6
42 870.818868 484.277607 2
43 816.130033 355.065666 17
44 996.804945 260.505038 5
45 135.116407 960.716938 4
46 376.924067 147.457424 10
47 85.080953 498.362714 9
48 649.087831 462.699447 12
49 508.395420 331.633850 3
50 977.886026 436.284716 1
51 633.982280 129.261361 8
52 80.155724 419.381640 9
53 489.829227 924.987717 11
54 90.584030 221.423068 15
55 102.471597 357.180728 2
56 175.872210 8.164882 19
57 152.968442 777.484827 12
58 522.375248 113.275065 3
59 309.839115 30.183603 15
60 210.091128 349.132056 1
61 665.984510 732.088918 12
62 348.048242 251.771553 3
63 502.029522 984.602725 12
64 484.151124 105.011734 3
65 401.240418 290.270184 18
66 452.547144 403.425248 4
67 140.423816 321.810413 19
68 691.005060 334.787663 13
69 555.230631 125.665575 16
70 213.666419 132.063999 13
71 894.695363 634.001880 1
72 512.892868 220.507659 4
73 459.274295 472.660170 9
74 920.325567 335.029304 12
75 783.084946 277.475677 4
76 844.173260 758.967780 18
77 19.822244 278.944551 1
78 970.385121 685.264367 17
79 494.653228 906.933582 8
80 349.497711 702.413721 7
81 343.745584 641.671167 13
82 835.797054 371.904024 12
83 244.157647 235.698206 12
84 198.132318 581.919654 11
85 579.885420 400.961796 2
86 865.924852 39.117472 3
87 516.940888 631.569021 17
88 623.357541 61.410580 16
89 353.005102 159.133757 18
90 512.304225 23.536458 13
91 693.776506 340.796833 10
92 579.906921 587.388573 2
93 516.028859 718.035333 11
94 728.793493 623.806916 14
95 661.391165 802.452828 6
96 383.765313 848.694437 10
97 497.619945 849.558022 1
98 860.001314 414.183451 2
99 465.263614 699.989879 11
100 373.251380 121.913920 8
101 953.287908 831.666360 6
102 498.361579 712.283348 18
103 887.493917 660.038556 20
104 781.150664 162.326244 11
105 210.184936 926.304955 9
106 201.369798 608.647230 1
107 898.516692 615.971153 6
108 132.649475 464.172407 4
109 113.590782 485.437344 14
110 709.284369 111.656775 20
111 672.583561 758.608999 12
112 807.520872 140.790383 8
113 172.185186 511.120162 19
114 351.388606 242.794091 2
115 211.049025 813.309006 6
116 812.999925 592.443737 12
117 698.157578 805.549430 16
118 46.898543 38.977839 17
119 579.798882 427.390601 6
120 352.615175 863.774536 15
121 269.271847 17.563743 10
122 849.692512 608.054773 16
123 620.492026 109.906090 13
124 889.197681 428.911690 15
125 894.158472 833.286820 3
126 29.475162 57.706343 11
127 879.099386 788.328973 17
128 289.008724 938.163255 10
129 947.417077 160.471438 4
130 845.343931 604.676045 11
131 945.428942 28.463844 15
132 313.532870 891.008697 3
133 176.601119 443.458952 15
134 374.472042 640.226440 3
135 241.838807 406.194647 8
136 833.947333 424.937145 16
137 778.878226 56.093821 4
138 855.053731 854.240061 4
139 892.306707 299.110098 8
140 511.046852 518.036626 20
141 102.548263 793.191227 13
142 778.045070 11.228364 19
143 912.878584 74.852489 19
144 676.506554 830.867405 8
145 378.153260 91.088860 2
146 74.854699 65.606917 16
147 485.363329 557.636864 9
148 245.353301 79.130084 14
149 381.211310 692.487560 2
150 528.536294 835.430120 18
151 6.943368 170.818325 2
152 260.276183 252.609896 9
153 175.314804 904.235207 11
154 271.513845 193.646813 7
155 284.454001 500.170656 11
156 954.123042 31.733080 6
157 776.219534 707.934809 5
158 127.320767 164.061852 11
159 233.673090 282.823438 19
160 904.871578 745.202920 12
161 459.601880 228.200931 13
162 711.718489 934.220922 17
163 725.434241 677.357298 13
164 40.875045 599.854534 16
165 730.666957 905.931989 14
166 709.260751 904.142454 11
167 613.696881 622.847272 14
168 35.154898 491.398635 13
169 264.196244 600.830511 16
170 682.647136 508.415594 13
171 11.843547 295.292652 4
172 854.502388 64.195304 20
173 279.400730 3.161876 11
174 876.652057 944.943200 11
175 180.274977 502.656228 14
176 490.859918 561.206605 5
177 646.882005 939.146023 8
178 608.312300 88.860315 11
179 240.262922 60.931051 10
180 292.734600 656.652367 15
181 853.525170 854.013327 19
182 574.678103 430.635152 10
183 593.673672 348.024772 13
184 176.286737 620.116021 11
185 202.032377 588.079855 7
186 343.019786 614.438251 9
187 321.372104 182.166658 4
188 779.591795 660.756767 5
189 794.937251 252.476744 18
190 670.000368 852.227218 8
191 376.155241 222.264958 13
192 364.286994 661.229942 9
193 904.568056 501.329495 16
194 839.202504 914.462150 3
195 406.250418 777.129492 3
196 422.754417 681.686442 9
197 630.070242 449.414095 2
198 389.458074 793.345165 7
199 11.620102 246.170300 20
200 881.737072 289.023632 12
201 702.250128 179.552134 10
202 37.133010 871.341199 6
203 434.142527 717.166583 4
204 619.297209 389.666919 9
205 126.790103 501.363569 11
206 417.637610 917.007900 2
207 872.603050 882.869822 17
208 896.812851 500.973406 20
209 30.256957 764.274106 6
210 412.427275 38.047857 5
211 838.541248 327.631794 10
212 533.447564 63.390540 9
213 834.149266 169.020702 12
214 345.657952 692.449129 4
215 873.451820 170.165293 1
216 9.474218 415.608619 9
217 41.847057 787.513019 4
218 673.720462 886.888372 16
219 463.393885 186.239496 12
220 405.918272 642.137799 20
221 484.828794 221.847453 2
222 834.081054 356.312508 12
223 922.377423 166.957069 16
224 901.487735 197.393555 2
225 656.346233 966.730663 16
226 855.639079 517.210005 6
227 169.954206 417.947671 4
228 810.399908 202.606076 1
229 203.736033 950.574493 1
230 290.242108 672.448680 3
231 349.709311 83.571149 15
232 33.626722 57.002167 11
233 17.981364 475.717062 9
234 848.553085 16.182428 16
235 14.908155 967.546882 5
236 681.941986 334.326667 13
237 42.122092 514.919211 17
238 190.121646 223.505087 13
239 587.494876 508.336615 7
240 681.204204 176.004978 10
241 836.735884 806.543069 4
242 919.493934 806.435344 9
243 625.621401 190.812805 9
244 527.799173 149.431964 15
245 952.495772 602.318166 20
246 471.149505 230.073350 9
247 960.639084 527.567092 16
248 885.970755 954.250068 1
249 402.553674 744.986371 1
250 673.693151 149.867643 11
251 532.053364 285.925189 13
252 358.620159 791.628199 10
253 99.348050 176.513235 3
254 822.159540 496.116449 15
255 363.816061 367.484906 10
256 969.260643 672.049653 10
257 20.539224 890.362310 14
258 290.108809 139.995686 16
259 52.526363 497.171186 2
260 451.968019 567.813950 1
261 492.889494 456.933284 15
262 36.815161 759.486066 10
263 577.930678 8.441248 4
264 837.446540 856.060549 5
265 351.837015 447.242238 13
266 754.782837 704.862016 3
267 336.916382 70.258177 8
268 704.253513 40.274106 6
269 572.952989 260.385810 12
270 592.037547 849.012597 1
271 149.516767 583.702078 15
272 222.099284 260.434931 14
273 102.680604 751.932624 7
274 508.579685 293.102964 9
275 989.231836 338.636811 1
276 826.250517 886.662292 11
277 469.741743 498.157743 17
278 934.222853 97.678729 10
279 999.321861 460.691648 16
280 570.514628 112.007073 9
281 879.897052 512.398246 5
282 527.685085 273.812745 19
283 127.145681 862.173196 16
284 699.226304 684.485709 5
285 250.617622 586.503595 10
286 33.151482 445.568256 18
287 677.793726 269.811412 7
288 96.936479 63.055847 20
289 582.076428 204.507421 12
290 550.959241 606.776450 19
291 746.745048 252.867832 5
292 983.619927 360.239992 16
293 57.781723 211.809591 18
294 53.298548 789.585064 6
295 993.843195 944.623241 14
296 945.234408 851.547391 3
297 781.187207 353.690675 12
298 983.040248 712.373725 19
299 659.257508 643.723355 3
300 305.261765 728.757298 10
301 545.903529 942.859436 11
302 774.243404 91.441541 9
303 929.407708 104.637439 3
304 623.304752 653.163584 20
305 312.025881 36.990503 12
306 367.840847 843.795077 5
307 10.811853 489.511631 7
308 38.452524 924.069096 11
309 609.813361 597.075152 3
310 661.689175 291.029577 11
311 560.096934 786.971559 3
312 315.960580 714.762523 19
313 307.887992 509.933074 18
314 915.159397 182.680579 7
315 612.423897 960.904239 2
316 172.021643 229.175345 8
317 262.125908 935.158908 11
318 944.010485 768.464387 3
319 769.143396 776.535554 7
320 142.834151 355.648422 11
321 992.524386 964.576128 1
322 533.519658 407.751292 14
323 479.133473 575.844419 12
324 783.104131 355.845561 12
325 969.673884 815.846470 6
326 693.992738 4.098750 6
327 532.991032 791.193784 6
328 970.687986 341.442069 9
329 164.278330 889.818349 4
330 209.133192 142.069954 5
331 816.910891 14.908338 17
332 393.171935 421.117239 18
333 156.889636 519.635246 12
334 369.592615 105.312976 3
335 242.513584 408.251990 11
336 403.434701 141.928841 10
337 337.172042 179.789680 20
338 343.148991 897.138556 4
339 90.051356 378.756681 15
340 914.838479 609.145186 19
341 930.734780 718.659424 19
342 980.777261 744.606024 17
343 828.279497 643.066764 1
344 389.593086 282.095127 12
345 43.643206 554.844262 1
346 674.969664 470.760337 2
347 70.508595 622.310471 14
348 214.207580 176.732651 4
349 809.222141 660.877483 7
350 351.981461 704.793453 20
351 871.033129 838.295644 15
352 501.928166 195.874348 16
353 603.776932 220.274854 4
354 490.214388 260.160455 18
355 42.846392 787.826448 10
356 772.236425 438.838475 10
357 367.516139 616.926044 15
358 698.311258 730.458484 5
359 676.427813 64.919239 7
360 22.943986 90.711329 18
361 132.594507 939.372838 13
362 861.835499 907.498794 10
363 675.513919 43.766830 12
364 846.903920 96.087349 1
365 967.732598 737.557766 4
366 324.731024 74.005924 11
367 98.484710 449.999842 17
368 514.992883 525.132130 9
369 731.644199 826.718141 18
370 699.561569 317.313329 19
371 846.002010 13.683689 4
372 515.036086 901.290546 12
373 813.891970 778.757128 9
374 942.734306 273.867523 2
375 40.484319 213.807786 15
376 465.072860 319.444724 17
377 506.951671 73.182183 9
378 923.616101 284.588980 14
379 605.311252 679.159774 8
380 80.293229 575.908990 9
381 27.541362 645.297814 19
382 169.889208 66.175240 3
383 190.587740 720.301976 14
384 620.449842 53.110414 4
385 709.136632 509.941145 7
386 545.946265 296.492545 6
387 164.812106 965.432763 1
388 95.468406 534.206751 12
389 539.966894 578.260439 5
390 43.781586 403.894478 11
391 905.968814 124.796615 17
392 269.705211 310.344248 18
393 423.650416 164.633442 20
394 127.558982 918.823609 6
395 891.028276 562.746194 12
396 67.958634 420.599426 14
397 498.529896 459.284412 9
398 100.744302 667.951573 10
399 127.962107 283.584018 10
400 524.303056 993.731815 15
401 227.181178 568.358415 4
402 270.728985 248.526909 12
403 631.384443 293.906223 2
404 595.321793 767.391385 3
405 851.058717 186.362452 17
406 630.485013 9.783191 4
407 632.051413 675.200452 10
408 223.703633 541.549678 14
409 278.574192 620.557237 19
410 962.833449 775.630517 15
411 769.458054 993.169464 18
412 299.456209 43.766609 18
413 178.486377 1.635129 17
414 310.591860 539.012470 19
415 717.210316 498.162235 12
416 421.543141 915.197534 8
417 894.000659 690.595867 15
418 278.816688 257.926096 6
419 194.005342 920.003247 5
420 91.857863 460.641027 20
421 105.140589 251.952996 18
422 661.832786 332.103863 7
423 312.432920 482.296247 7
424 842.362507 120.301385 1
425 445.870128 85.974267 14
426 651.628110 792.039335 5
427 768.520950 314.425895 13
428 493.480750 344.540364 9
429 214.008966 936.502306 13
430 590.720927 408.752834 19
431 543.634415 466.717906 12
432 996.308126 470.519583 18
433 136.986447 700.344003 4
434 224.809965 56.781445 16
435 41.962359 481.672085 12
436 544.218801 425.658621 11
437 121.294419 177.872104 10
438 113.491876 458.751429 5
439 816.094193 819.970070 11
440 594.734292 551.463688 3
441 593.294121 901.998373 13
442 775.996089 872.828680 1
443 466.297517 678.830549 9
444 132.026738 579.672479 19
445 224.366901 807.693141 11
446 168.854457 426.741937 17
447 161.836788 655.792513 8
448 510.222911 710.335714 16
449 481.404970 350.652302 16
450 583.444676 63.765131 11
451 81.153566 878.330077 14
452 626.212063 23.202823 5
453 901.114576 331.534247 11
454 685.547472 664.667407 14
455 113.413541 455.702550 3
456 779.714870 726.950005 4
457 181.525861 624.667317 6
458 135.407298 590.613239 19
459 641.169731 644.865154 13
460 143.929903 148.571627 20
461 570.524642 801.294454 15
462 426.738400 2.264300 12
463 483.486053 292.964153 3
464 291.686205 652.408242 5
465 736.618495 976.162295 5
466 262.976618 624.658315 10
467 148.734627 591.342864 16
468 531.750897 798.320900 11
469 86.990088 376.039847 9
470 715.632906 275.854957 1
471 137.122626 753.422269 5
472 579.661724 928.462494 2
473 708.460499 358.025597 15
474 306.380781 166.075224 7
475 952.671991 817.816080 19
476 318.739145 732.743201 13
477 260.837225 276.178583 2
478 833.386278 891.277632 11
479 616.137815 968.489478 19
480 215.503761 558.151590 10
481 501.283237 221.574824 4
482 720.871421 570.331110 19
483 919.083867 175.978548 16
484 285.881061 992.823269 3
485 374.551947 638.327082 4
486 132.071824 877.529119 19
487 66.539732 603.476504 12
488 507.003904 612.491441 11
489 269.027733 841.555343 3
490 796.693138 911.827524 6
491 8.633917 67.043364 10
492 772.913063 988.852908 2
493 308.090402 299.450294 7
494 541.606500 56.330144 14
495 389.389092 944.603057 20
496 930.149433 181.082424 9
497 644.628043 249.754273 19
498 182.809817 25.950034 14
499 731.651414 685.621566 8
500 744.341151 244.387377 17
501 804.935673 262.332908 17
502 369.588017 869.814283 8
503 630.467536 22.695980 13
504 524.432116 556.516693 12
505 913.287184 324.784210 9
506 452.282798 581.510574 8
507 351.779777 399.575344 14
508 677.750943 881.641851 10
509 648.175348 148.482354 20
510 445.696436 442.102735 3
511 140.489904 890.225528 7
512 963.438653 548.481976 13
513 599.815170 263.482916 3
514 415.758287 819.458393 7
515 900.799023 184.072053 4
516 798.234344 395.326324 19
517 408.925214 436.584239 11
518 40.135456 181.077586 2
519 405.273821 79.461361 13
520 11.248204 344.089319 14
521 560.723278 621.048423 1
522 439.801960 534.449226 1
523 566.342028 48.693720 4
524 680.666611 943.510862 12
525 937.803131 180.628478 16
526 801.066944 418.964389 14
527 643.987311 569.261361 17
528 695.545917 505.539713 11
529 216.800929 827.975616 19
530 701.071144 152.781461 19
531 255.981370 749.829114 19
532 836.074688 10.687747 13
533 607.152054 822.412232 4
534 155.489081 297.593786 3
535 376.327812 958.474617 20
536 557.953751 323.629472 8
537 267.191288 847.148419 5
538 115.660807 716.589660 19
539 371.362652 506.563189 19
540 84.185457 475.034267 17
541 693.811686 869.302702 9
542 243.432195 148.644044 12
543 345.242117 437.088031 6
544 966.580743 794.317833 1
545 328.015896 985.007180 14
546 23.613469 152.737396 1
547 86.353091 62.399850 12
548 792.997813 941.700850 13
549 631.382118 211.320724 10
550 836.051817 908.258796 19
551 176.334618 679.365359 10
552 238.333747 44.370794 15
553 392.750553 173.907651 13
554 647.249882 87.743225 20
555 560.858755 510.140405 7
556 259.260746 566.171543 15
557 376.012881 659.515235 17
558 522.631547 84.042911 7
559 506.543751 489.901315 14
560 883.906584 258.806922 13
561 761.299913 135.902129 20
562 920.424905 406.632246 19
563 100.411008 754.037309 7
564 229.655341 39.047786 7
565 25.974090 548.697573 5
566 299.833743 387.254068 4
567 727.486776 852.117029 2
568 907.080965 805.588018 9
569 714.907231 489.130380 20
570 809.444268 262.238576 1
571 123.302767 261.952213 10
572 873.502575 699.322695 14
573 379.429067 424.165670 13
574 741.770731 232.456640 13
575 110.511532 271.516741 3
576 508.211550 496.277207 2
577 199.063472 720.902123 2
578 468.612871 527.429622 11
579 163.530309 858.944044 18
580 773.443590 546.642563 1
581 562.038295 312.802342 15
582 882.555833 189.411331 10
583 622.717538 823.007297 11
584 55.626237 809.537415 10
585 234.454782 826.662542 2
586 641.587998 249.663707 17
587 331.436753 168.754380 9
588 996.553987 720.826459 7
589 299.381177 361.120771 6
590 401.133821 934.160386 9
591 184.241199 143.069836 5
592 839.531129 824.488700 16
593 374.571154 910.139037 14
594 537.094412 73.840191 10
595 87.657255 414.243614 16
596 49.062054 23.297797 17
597 452.652529 195.276770 6
598 339.579917 400.306933 8
599 157.698567 352.694826 11
600 143.421414 497.664583 6
601 313.937447 951.908731 13
602 445.864285 365.423494 7
603 471.690745 616.697467 20
604 591.907717 366.362377 9
605 704.695978 996.162132 4
606 319.754408 367.405935 2
607 280.377094 23.891860 8
608 763.160066 39.311692 6
609 402.618368 45.737987 13
610 416.817377 892.728203 9
611 204.339146 664.414706 1
612 512.955027 250.491036 15
613 576.594031 399.947604 9
614 172.804085 454.282461 11
615 814.792127 184.894315 9
616 93.886501 421.041597 10
617 773.200216 787.481875 13
618 733.613886 61.291416 20
619 548.535945 425.494588 9
620 74.145787 634.232586 11
621 195.316354 83.432048 20
622 403.452148 784.228235 13
623 915.741221 774.480753 16
624 915.974485 560.528054 14
625 871.421858 201.710157 12
626 961.436248 604.854617 12
627 398.757127 950.459301 6
628 271.978652 127.260067 9
629 247.343597 820.512743 2
630 524.220605 306.020658 12
631 61.493374 769.014536 8
632 295.126094 829.243593 13
633 675.157452 38.033950 2
634 596.288673 16.032712 15
635 987.847732 149.331334 12
636 157.833493 383.980452 10
637 564.241310 460.851879 17
638 612.634896 974.920004 19
639 515.050465 931.046602 5
640 510.071627 360.489980 15
641 782.649554 830.742707 4
642 146.827434 436.322941 1
643 195.259186 396.882540 2
644 670.279005 301.440490 8
645 132.680232 885.724995 12
646 959.369438 122.513180 13
647 900.765255 750.089327 7
648 261.497283 801.267045 7
649 873.323506 816.733526 19
650 212.848052 469.257632 10
651 530.041568 295.544423 6
652 574.866852 264.128262 20
653 728.794962 889.992342 7
654 9.683603 642.536704 17
655 677.285175 563.610806 12
656 329.398136 612.287541 19
657 868.016951 577.821125 1
658 833.909702 202.168952 2
659 389.462916 862.829613 10
660 490.634238 993.078828 14
661 940.847642 742.456376 8
662 345.712278 849.486355 9
663 941.918062 777.011738 8
664 534.963433 105.972476 18
665 988.980840 360.067679 2
666 274.093547 109.251494 4
667 49.814379 595.272428 3
668 79.484762 705.674656 6
669 69.118471 8.542801 8
670 476.793452 961.936395 17
671 44.070999 213.122254 20
672 125.144442 869.510349 17
673 505.849135 465.122014 11
674 870.895763 232.948515 17
675 96.073726 765.829791 14
676 372.583020 913.469363 5
677 500.664047 40.517717 3
678 815.929076 542.259694 8
679 240.326360 534.590886 2
680 723.111706 163.054671 10
681 779.935140 989.360014 2
682 14.008662 334.941388 5
683 15.542815 577.478158 16
684 330.752304 426.025082 11
685 757.939650 958.179754 4
686 889.708712 682.627610 6
687 790.184906 702.309703 20
688 203.417097 343.291090 19
689 499.660151 942.413228 6
690 737.185585 883.645332 18
691 446.002196 742.847855 11
692 856.835202 350.080598 7
693 75.701499 125.139901 16
694 75.940333 70.184506 12
695 955.183791 587.949697 8
696 14.031482 243.927441 8
697 271.807867 931.508751 17
698 648.712310 603.819142 2
699 667.318252 622.300908 11
700 160.136660 594.854485 4
701 70.026442 777.734907 13
702 360.348159 535.211419 20
703 491.070245 609.928560 9
704 271.943386 882.463765 3
705 292.551487 202.776285 1
706 873.961850 12.321683 17
707 452.224321 48.904060 6
708 772.683650 618.491530 3
709 342.125049 273.185113 19
710 9.708791 552.387940 20
711 1.893961 599.827847 4
712 857.082235 911.366328 8
713 211.441255 141.381235 2
714 37.374067 143.605750 16
715 498.935824 570.599516 17
716 311.406721 265.540797 20
717 185.910343 963.626474 17
718 53.575696 518.208151 8
719 756.158629 656.919654 16
720 848.154952 775.065560 13
721 557.269450 127.195327 1
722 410.265327 495.771630 20
723 144.530418 427.659347 3
724 193.789696 849.416568 7
725 623.021273 137.285380 9
726 194.300202 28.703327 3
727 188.658635 340.025134 14
728 958.073569 811.436888 8
729 901.219150 909.590001 17
730 185.288217 194.585085 6
731 248.820412 635.422525 15
732 948.711990 309.749113 8
733 438.060389 199.125144 19
734 256.067928 396.240328 16
735 243.985811 158.899275 8
736 648.315004 243.924690 19
737 316.018252 958.729093 10
738 431.257263 369.389141 9
739 980.095156 142.893705 2
740 489.807964 661.966809 3
741 856.875564 316.258736 2
742 740.906853 557.746946 17
743 262.571496 83.342821 1
744 692.368936 562.143118 2
745 402.675780 770.270816 16
746 703.012791 764.790385 13
747 247.410544 256.258694 12
748 684.126705 836.397326 16
749 455.265582 515.375262 9
750 719.482923 775.184488 2
751 21.458539 360.341665 5
752 710.395195 478.701472 3
753 528.088895 293.956387 2
754 736.909440 191.183948 2
755 509.936022 110.384168 17
756 673.596415 427.251006 17
757 853.106552 699.685280 16
758 723.211986 715.875504 19
759 301.230815 986.742932 14
760 713.445785 207.486408 5
761 812.121951 680.323812 2
762 921.447001 119.783608 3
763 639.509079 626.399739 7
764 722.807263 704.333033 14
765 498.980281 614.751127 8
766 287.022318 345.496623 14
767 623.730465 145.157969 5
768 727.674950 156.759482 12
769 446.310910 658.052311 6
770 53.803530 105.326557 4
771 2.579259 590.521325 13
772 81.701271 421.726743 15
773 312.511879 270.811834 4
774 320.204639 212.832821 1
775 975.389720 183.230652 11
776 29.472358 212.378777 9
777 980.090416 594.207099 8
778 475.722472 895.699569 11
779 148.137376 622.131629 12
780 749.171200 985.083834 14
781 539.379085 663.592928 12
782 480.382242 243.644077 15
783 397.147472 982.753354 3
784 364.941759 204.361024 13
785 248.949141 383.905671 1
786 923.317789 404.547420 3
787 561.910263 332.300652 1
788 585.322035 441.215683 11
789 749.430370 640.956769 2
790 627.898361 973.054794 10
791 570.293294 667.739323 4
792 909.164554 676.766699 16
793 270.281840 10.397635 3
794 185.563566 452.083691 14
795 471.269069 345.615764 4
796 563.909300 700.293693 19
797 347.341399 107.437713 14
798 290.067893 442.867494 5
799 632.485285 799.869904 10
800 662.179268 117.669662 12
801 184.065660 837.426673 18
802 3.778257 873.034032 13
803 666.867631 350.520216 14
804 488.485287 185.158092 5
805 889.506847 941.113815 15
806 233.403022 63.367952 5
807 567.740925 71.476585 15
808 254.032325 422.962309 13
809 207.772003 502.790748 8
810 642.495543 468.169987 19
811 990.594470 660.122151 15
812 244.808913 288.995725 9
813 398.254267 682.923783 10
814 473.033910 492.178007 17
815 236.056012 196.768012 18
816 91.092376 239.880750 7
817 540.979712 878.689656 3
818 833.250080 227.645216 16
819 231.384058 571.420261 12
820 636.702279 879.881466 5
821 941.172977 713.195041 5
822 907.111412 166.216018 5
823 621.735290 908.298193 10
824 638.936218 622.349040 12
825 77.360652 730.099745 15
826 708.048189 199.188178 12
827 517.091834 867.421609 7
828 190.093950 99.156241 12
829 73.707064 805.718075 2
830 623.491413 370.909376 8
831 652.621261 984.379368 17
832 240.028042 681.698579 13
833 742.220598 342.845413 17
834 830.620706 279.052493 3
835 599.157347 100.984324 5
836 302.282183 85.499824 17
837 838.022197 391.754563 8
838 42.901623 794.156265 11
839 61.993028 191.164733 13
840 874.681952 150.484801 2
841 969.974251 112.719341 15
842 287.207971 158.138968 20
843 811.857065 310.656529 1
844 175.843096 938.988678 18
845 430.932719 247.359451 14
846 950.095136 350.473156 14
847 384.065892 883.705899 11
848 492.894000 65.428956 2
849 777.975694 514.351996 19
850 13.294104 232.535180 9
851 57.304679 12.469555 20
852 355.512789 974.938915 13
853 975.656094 696.091423 17
854 713.384000 612.573139 16
855 543.483029 137.790956 20
856 992.953839 77.408499 13
857 36.633212 67.140860 18
858 598.103091 601.068473 5
859 10.977921 450.768284 12
860 772.686418 763.556533 2
861 476.153148 379.538017 13
862 471.927260 660.885559 15
863 572.755770 676.945083 11
864 793.578780 899.478742 19
865 221.072450 817.623429 2
866 76.030414 612.858760 10
867 484.993322 423.416921 13
868 213.413963 513.128545 13
869 181.939440 898.407194 18
870 83.446366 87.341929 5
871 383.528390 635.432702 9
872 337.479837 733.208683 8
873 587.175069 607.242266 13
874 660.686997 961.304445 5
875 61.641906 769.722553 19
876 992.984092 211.884317 8
877 564.612043 325.942867 20
878 243.935965 260.553426 8
879 566.151028 721.284149 11
880 688.068607 149.016568 18
881 389.075841 610.917132 4
882 802.626984 641.237737 8
883 997.883659 474.118000 2
884 594.312752 765.346420 14
885 468.396923 981.121811 18
886 685.261609 851.870306 6
887 992.366596 406.876167 14
888 813.912219 497.411518 17
889 463.364422 84.723460 20
890 931.796725 43.208787 5
891 130.654323 510.481091 5
892 13.108455 548.086219 2
893 313.074498 613.666679 10
894 748.982730 371.303868 19
895 642.678717 569.378316 7
896 386.372859 970.435540 10
897 451.595932 90.860282 8
898 530.482218 857.823301 16
899 789.872531 947.567175 4
900 438.562951 819.061479 15
901 172.945539 207.878861 20
902 345.562220 83.875373 12
903 105.740574 512.489991 17
904 280.413920 211.072488 15
905 43.181908 445.325756 18
906 559.793448 944.139177 13
907 314.582156 906.303110 6
908 787.270523 945.080379 19
909 475.945797 202.354691 13
910 649.975712 872.515583 8
911 729.848317 556.050305 6
912 286.368871 201.197980 2
913 538.130260 168.168674 20
914 725.994813 316.369186 13
915 881.098049 378.270516 6
916 259.983175 783.575611 8
917 606.378397 586.410488 16
918 762.218649 215.537281 17
919 779.780100 415.502166 2
920 89.125049 983.603580 5
921 377.080792 410.881205 20
922 150.622028 729.414666 17
923 312.060940 99.571339 14
924 693.355050 644.551360 13
925 408.743997 882.581371 12
926 629.932688 748.515685 19
927 172.841600 310.884895 15
928 373.089075 915.909566 11
EOF
