# seed=1006
# generator_version=0.1.0
NAME : small_tight_a
CUSTOMERS : 350
DEPOTS : 14
VEHICLE_CAPACITY : 50
ROUTE_FIXED_COST : 25.00
DISTANCE_FORMAT : COORDS
DEPOT_SECTION
1 182.768546 210.367981 580.18 348 7
2 418.577123 200.542480 536.30 265 5
3 610.858106 188.415388 598.81 227 5
4 809.470291 200.976024 1020.89 343 7
5 206.411006 409.034841 706.00 342 7
6 409.652515 408.765121 690.20 234 5
7 595.087515 388.751868 864.09 240 5
8 800.266478 404.393532 937.27 267 5
9 196.358733 608.704113 990.44 190 4
10 415.145773 616.178801 1067.33 196 4
11 586.310328 604.258904 800.80 190 4
12 810.816895 580.959582 1160.95 645 12
13 181.592707 813.587104 1093.72 545 10
14 392.832967 783.940764 1376.83 374 7
CUSTOMER_SECTION
15 336.921434 600.856944 7
16 297.831299 237.572445 9
17 799.769856 335.045155 5
18 405.773389 356.435682 11
19 674.853944 488.945629 13
20 862.911431 771.865506 8
21 83.019353 465.009812 6
22 794.938862 19.964609 3
23 398.851516 887.303308 10
24 550.919371 971.050502 14
25 140.111252 790.307064 18
26 870.742549 496.235599 6
27 500.495573 257.999465 16
28 84.599284 171.281287 11
29 86.615811 940.698019 12
30 192.353315 748.182814 11
31 644.343055 506.265453 5
32 181.431173 478.531029 8
33 309.152614 252.401086 8
34 208.105752 131.134793 11
35 381.147049 21.808852 4
36 763.172464 539.512060 11
37 398.199390 282.306096 8
38 317.863730 391.031630 17
39 789.614035 677.155228 10
40 634.979239 289.031949 14
41 512.785423 231.553514 8
42 902.590065 614.671150 20
43 854.379165 689.728708 11
44 45.072515 175.008725 14
45 993.197272 339.470810 20
46 916.679834 274.054757 4
47 157.470463 710.432015 5
48 556.190457 196.509580 7
49 205.966667 838.833732 1
50 158.512038 386.009306 4
51 183.239980 705.222893 14
52 449.251464 489.491539 17
53 216.293222 816.747890 5
54 11.896974 861.109564 17
55 815.765411 66.754797 10
56 434.890027 404.097685 13
57 418.453904 51.376400 17
58 368.071642 853.777557 11
59 427.469936 688.471671 20
60 577.081100 430.771885 15
61 609.604055 57.995774 14
62 205.857437 913.930502 10
63 454.615719 260.233458 6
64 999.596221 252.997803 5
65 287.407412 182.735852 2
66 323.196451 579.351897 8
67 120.869067 752.285702 10
68 715.434589 70.683229 2
69 473.680711 109.931768 13
70 836.274604 256.691001 10
71 963.290716 664.430255 13
72 394.900644 523.387520 13
73 536.225912 596.830345 7
74 311.395104 172.008824 11
75 979.520375 190.810946 18
76 485.775885 524.538766 8
77 274.718772 317.598823 16
78 189.181487 767.547729 7
79 691.506914 511.279782 20
80 712.235646 321.743500 7
81 597.590063 651.547803 8
82 945.824683 180.083619 6
83 926.381162 604.909895 1
84 361.681290 960.160397 1
85 509.987084 458.905713 8
86 101.353240 25.606259 14
87 105.519309 563.688556 13
88 731.875785 172.995779 17
89 781.009021 62.812188 17
90 844.847000 637.961762 16
91 644.080746 945.703200 16
92 170.284037 607.794694 12
93 532.416910 651.539071 15
94 360.880157 934.649258 19
95 201.929732 26.742855 7
96 894.452245 794.910722 3
97 21.860719 447.278370 17
98 133.177455 318.805738 4
99 872.080991 69.203993 6
100 112.635329 119.845563 12
101 70.703031 244.337017 17
102 229.416814 100.842618 3
103 32.293536 489.582397 1
104 728.584349 768.912993 10
105 195.844159 587.448593 14
106 136.781946 23.785219 9
107 976.690156 358.106778 12
108 878.669074 991.369857 6
109 953.883238 378.538777 18
110 5.437695 396.528182 13
111 944.372118 0.116764 20
112 423.234277 762.530151 16
113 455.883729 985.090881 18
114 199.915649 727.548601 8
115 624.915800 159.077738 19
116 40.271615 918.833769 11
117 87.574257 11.190195 8
118 961.111685 954.189781 11
119 375.796296 237.712984 18
120 302.259292 742.961042 1
121 413.860095 678.783866 12
122 79.477996 524.768589 19
123 290.489696 471.872803 8
124 150.772775 493.785328 19
125 659.900389 64.764986 19
126 472.408684 411.370295 14
127 375.548624 527.126739 7
128 454.549252 426.741148 8
129 163.951803 753.108670 11
130 948.995965 753.987948 17
131 726.208285 876.253672 18
132 52.814835 830.286376 1
133 513.539152 634.767116 9
134 465.698163 618.799331 20
135 102.197160 390.267929 6
136 561.765360 876.175466 2
137 471.157782 458.538895 16
138 228.526260 13.700391 16
139 941.096971 995.473867 10
140 446.509637 864.550474 5
141 169.983222 802.570785 7
142 466.775221 68.347125 13
143 71.490934 391.055639 5
144 662.373470 715.968005 15
145 430.069038 113.843937 16
146 441.142773 651.815827 1
147 201.912772 430.901638 7
148 309.697337 203.003096 8
149 285.516559 884.260708 7
150 743.605035 146.977568 13
151 195.772711 498.780676 14
152 507.024364 807.564995 13
153 373.845054 741.293419 18
154 918.433175 226.767042 19
155 949.648631 458.044944 20
156 533.560354 699.413544 10
157 858.046592 849.869126 12
158 180.410739 444.495953 18
159 630.103237 892.152769 5
160 706.708318 139.474080 9
161 276.147983 823.069822 11
162 901.748742 650.350233 14
163 658.698920 433.143941 1
164 455.586820 211.996528 2
165 185.428139 438.228758 3
166 773.721325 515.838380 17
167 951.809984 922.945739 19
168 303.574346 193.626721 19
169 610.107002 940.306869 20
170 310.024626 668.405293 8
171 119.846150 3.379321 15
172 277.264854 468.118271 16
173 213.114691 860.552537 6
174 902.873739 9.249012 5
175 685.873681 207.470586 6
176 596.167882 803.610613 9
177 760.868830 782.372726 4
178 628.014325 925.288509 3
179 211.515651 194.134187 7
180 864.596984 353.043299 11
181 91.255365 37.070331 11
182 650.277728 371.521192 14
183 526.362107 278.380522 5
184 218.270440 649.114593 1
185 285.320654 160.058279 14
186 934.207205 977.664963 13
187 859.252699 671.722955 14
188 201.277163 61.910855 1
189 463.552353 562.414913 11
190 948.635086 321.881679 14
191 262.248020 955.377843 7
192 957.289823 438.912693 10
193 414.881739 803.573882 11
194 874.301738 300.094912 8
195 418.209857 531.083309 15
196 309.183813 697.753071 12
197 28.062153 279.648207 16
198 198.171149 204.033835 19
199 265.841098 484.228430 11
200 127.047743 63.734025 20
201 915.509609 439.822717 10
202 216.423783 471.091719 19
203 726.638256 161.077750 2
204 503.439360 830.514208 3
205 919.645585 907.129153 8
206 302.245198 228.553518 19
207 949.290391 154.356478 4
208 788.441800 583.725108 4
209 78.028802 69.236986 17
210 533.708715 664.348673 14
211 681.649967 78.379545 7
212 446.956756 575.401357 7
213 113.746308 767.364531 3
214 662.673350 968.134959 7
215 866.010943 854.642948 12
216 986.116756 247.375971 2
217 872.733881 644.656969 20
218 491.105652 545.615694 12
219 879.295160 583.768728 3
220 419.492442 909.753428 3
221 462.555964 469.407316 10
222 947.566725 894.429276 10
223 240.810090 42.244436 19
224 573.087339 382.972899 10
225 551.586688 424.285573 11
226 267.765785 926.233737 11
227 237.122238 207.954537 1
228 797.293226 19.188629 20
229 302.031371 395.720087 14
230 520.729484 497.356615 10
231 751.551902 750.201267 9
232 954.168199 818.512023 15
233 155.171779 538.449126 14
234 482.128777 985.488123 9
235 986.767903 823.250662 2
236 71.719968 926.142289 16
237 797.597994 776.879623 10
238 771.441411 204.746281 14
239 778.423072 150.896301 12
240 508.361129 38.491679 10
241 331.077211 482.950982 16
242 365.252440 563.350584 6
243 370.626723 36.751583 15
244 303.033230 428.897979 5
245 838.347117 647.118067 5
246 911.366928 193.451956 11
247 312.931114 521.662901 2
248 33.743423 769.716722 8
249 840.023962 959.679782 18
250 124.957179 571.246524 14
251 555.155314 404.787367 20
252 6.901176 942.588643 9
253 311.050776 448.335540 18
254 143.551383 412.210938 17
255 876.189415 959.517506 18
256 817.633985 838.770963 8
257 273.157102 594.691781 6
258 584.416898 977.991506 2
259 261.539258 309.475090 5
260 85.471887 555.338172 8
261 352.424368 380.226619 8
262 317.817646 391.654269 11
263 656.072393 304.202335 7
264 536.936058 241.804720 10
265 870.548761 273.368386 9
266 978.527928 843.943111 8
267 599.995039 874.028181 14
268 195.784291 199.102916 9
269 478.533866 948.374492 16
270 517.760594 357.323510 17
271 528.328826 938.089295 13
272 814.696722 216.294800 20
273 209.453708 843.704058 5
274 642.568177 754.784921 1
275 108.898439 933.089030 19
276 380.005803 229.894361 10
277 551.799753 364.855760 15
278 284.372100 941.651897 6
279 953.068300 968.312258 20
280 851.348626 348.346815 18
281 783.051652 788.170745 18
282 569.040005 450.115950 20
283 14.899833 284.166315 2
284 689.544259 119.780343 20
285 212.358762 416.254056 13
286 88.081216 562.367836 12
287 178.548132 988.188150 9
288 369.519488 532.675247 13
289 14.288885 417.924886 10
290 7.218941 888.052895 16
291 530.280998 681.867272 12
292 410.966077 858.562893 9
293 611.162771 214.510309 15
294 626.273261 86.788050 11
295 251.237386 822.481733 19
296 275.333314 401.518661 8
297 510.182961 605.197459 10
298 941.724498 720.315943 18
299 83.075222 529.575630 4
300 311.160251 270.474454 1
301 142.663423 474.786169 19
302 104.384230 869.358224 17
303 94.660809 888.744252 20
304 955.663060 435.573216 16
305 354.997247 865.346981 17
306 226.191945 107.183485 5
307 131.243965 690.670404 8
308 16.015150 618.613617 7
309 40.430323 866.493668 18
310 287.282169 471.974394 1
311 3.624674 842.774344 16
312 474.293200 365.713553 19
313 755.436869 730.169592 20
314 308.287057 735.628940 7
315 99.363445 43.381763 3
316 68.731202 316.852237 8
317 561.041230 185.016496 9
318 606.332863 208.225794 1
319 390.808094 418.760795 6
320 827.685557 209.051873 8
321 833.844150 187.558226 14
322 229.690438 892.978908 6
323 731.206991 454.071066 19
324 786.576650 306.734137 1
325 716.145393 982.107217 13
326 636.739305 334.058525 8
327 400.531046 978.795454 8
328 882.631341 891.871194 2
329 576.930705 314.845324 20
330 907.194430 969.926557 8
331 860.524540 830.292523 2
332 128.371962 264.958085 2
333 971.199700 44.679140 12
334 633.785667 228.437028 19
335 196.822345 733.159471 17
336 609.348095 325.712851 12
337 200.237356 997.082685 16
338 499.367908 848.789020 9
339 238.687151 903.819501 7
340 363.166022 141.451814 12
341 244.408646 842.831218 11
342 772.442017 624.320185 18
343 609.453071 346.551401 12
344 550.785381 674.064035 3
345 155.036224 640.995249 19
346 195.145727 396.247188 10
347 560.765818 404.555349 5
348 159.889943 806.026031 16
349 659.820420 715.054536 19
350 841.440688 342.369435 18
351 262.189172 736.175748 18
352 995.862417 283.009013 9
353 985.028433 428.960406 13
354 918.490318 937.110146 12
355 138.709391 996.960977 14
356 863.832388 555.997236 14
357 733.473479 300.470123 10
358 220.658475 821.496009 3
359 421.496807 403.752512 17
360 511.006653 219.491191 6
361 877.774117 428.803997 10
362 74.592315 807.855876 9
363 335.674305 385.473540 2
364 810.760846 701.886005 13
EOF
